/*--------------------------------*- C++ -*----------------------------------*\
| =========                 |                                                 |
| \\      /  F ield         | OpenFOAM: The Open Source CFD Toolbox           |
|  \\    /   O peration     | Version:  2412                                  |
|   \\  /    A nd           | Website:  www.openfoam.com                      |
|    \\/     M anipulation  |                                                 |
\*---------------------------------------------------------------------------*/
FoamFile
{
    version     2.0;
    format      ascii;
    arch        "LSB;label=32;scalar=64";
    class       vectorField;
    location    "constant/polyMesh";
    object      points;
}
// * * * * * * * * * * * * * * * * * * * * * * * * * * * * * * * * * * * * * //


3952
(
(0 0 0)
(0.002 0 0)
(0.004 0 0)
(0.006 0 0)
(0.008 0 0)
(0.01 0 0)
(0.012 0 0)
(0.014 0 0)
(0.016 0 0)
(0.018 0 0)
(0.02 0 0)
(0.022 0 0)
(0.024 0 0)
(0.026 0 0)
(0.028 0 0)
(0.03 0 0)
(0.032 0 0)
(0.034 0 0)
(0.036 0 0)
(0.038 0 0)
(0.04 0 0)
(0.042 0 0)
(0.044 0 0)
(0.046 0 0)
(0.048 0 0)
(0.05 0 0)
(0 0.02666666667 0)
(0.002 0.02666666667 0)
(0.004 0.02666666667 0)
(0.006 0.02666666667 0)
(0.008 0.02666666667 0)
(0.01 0.02666666667 0)
(0.012 0.02666666667 0)
(0.014 0.02666666667 0)
(0.016 0.02666666667 0)
(0.018 0.02666666667 0)
(0.02 0.02666666667 0)
(0.022 0.02666666667 0)
(0.024 0.02666666667 0)
(0.026 0.02666666667 0)
(0.028 0.02666666667 0)
(0.03 0.02666666667 0)
(0.032 0.02666666667 0)
(0.034 0.02666666667 0)
(0.036 0.02666666667 0)
(0.038 0.02666666667 0)
(0.04 0.02666666667 0)
(0.042 0.02666666667 0)
(0.044 0.02666666667 0)
(0.046 0.02666666667 0)
(0.048 0.02666666667 0)
(0.05 0.02666666667 0)
(0 0.05333333333 0)
(0.002 0.05333333333 0)
(0.004 0.05333333333 0)
(0.006 0.05333333333 0)
(0.008 0.05333333333 0)
(0.01 0.05333333333 0)
(0.012 0.05333333333 0)
(0.014 0.05333333333 0)
(0.016 0.05333333333 0)
(0.018 0.05333333333 0)
(0.02 0.05333333333 0)
(0.022 0.05333333333 0)
(0.024 0.05333333333 0)
(0.026 0.05333333333 0)
(0.028 0.05333333333 0)
(0.03 0.05333333333 0)
(0.032 0.05333333333 0)
(0.034 0.05333333333 0)
(0.036 0.05333333333 0)
(0.038 0.05333333333 0)
(0.04 0.05333333333 0)
(0.042 0.05333333333 0)
(0.044 0.05333333333 0)
(0.046 0.05333333333 0)
(0.048 0.05333333333 0)
(0.05 0.05333333333 0)
(0 0.08 0)
(0.002 0.08 0)
(0.004 0.08 0)
(0.006 0.08 0)
(0.008 0.08 0)
(0.01 0.08 0)
(0.012 0.08 0)
(0.014 0.08 0)
(0.016 0.08 0)
(0.018 0.08 0)
(0.02 0.08 0)
(0.022 0.08 0)
(0.024 0.08 0)
(0.026 0.08 0)
(0.028 0.08 0)
(0.03 0.08 0)
(0.032 0.08 0)
(0.034 0.08 0)
(0.036 0.08 0)
(0.038 0.08 0)
(0.04 0.08 0)
(0.042 0.08 0)
(0.044 0.08 0)
(0.046 0.08 0)
(0.048 0.08 0)
(0.05 0.08 0)
(0 0.1066666667 0)
(0.002 0.1066666667 0)
(0.004 0.1066666667 0)
(0.006 0.1066666667 0)
(0.008 0.1066666667 0)
(0.01 0.1066666667 0)
(0.012 0.1066666667 0)
(0.014 0.1066666667 0)
(0.016 0.1066666667 0)
(0.018 0.1066666667 0)
(0.02 0.1066666667 0)
(0.022 0.1066666667 0)
(0.024 0.1066666667 0)
(0.026 0.1066666667 0)
(0.028 0.1066666667 0)
(0.03 0.1066666667 0)
(0.032 0.1066666667 0)
(0.034 0.1066666667 0)
(0.036 0.1066666667 0)
(0.038 0.1066666667 0)
(0.04 0.1066666667 0)
(0.042 0.1066666667 0)
(0.044 0.1066666667 0)
(0.046 0.1066666667 0)
(0.048 0.1066666667 0)
(0.05 0.1066666667 0)
(0 0.1333333333 0)
(0.002 0.1333333333 0)
(0.004 0.1333333333 0)
(0.006 0.1333333333 0)
(0.008 0.1333333333 0)
(0.01 0.1333333333 0)
(0.012 0.1333333333 0)
(0.014 0.1333333333 0)
(0.016 0.1333333333 0)
(0.018 0.1333333333 0)
(0.02 0.1333333333 0)
(0.022 0.1333333333 0)
(0.024 0.1333333333 0)
(0.026 0.1333333333 0)
(0.028 0.1333333333 0)
(0.03 0.1333333333 0)
(0.032 0.1333333333 0)
(0.034 0.1333333333 0)
(0.036 0.1333333333 0)
(0.038 0.1333333333 0)
(0.04 0.1333333333 0)
(0.042 0.1333333333 0)
(0.044 0.1333333333 0)
(0.046 0.1333333333 0)
(0.048 0.1333333333 0)
(0.05 0.1333333333 0)
(0 0.16 0)
(0.002 0.16 0)
(0.004 0.16 0)
(0.006 0.16 0)
(0.008 0.16 0)
(0.01 0.16 0)
(0.012 0.16 0)
(0.014 0.16 0)
(0.016 0.16 0)
(0.018 0.16 0)
(0.02 0.16 0)
(0.022 0.16 0)
(0.024 0.16 0)
(0.026 0.16 0)
(0.028 0.16 0)
(0.03 0.16 0)
(0.032 0.16 0)
(0.034 0.16 0)
(0.036 0.16 0)
(0.038 0.16 0)
(0.04 0.16 0)
(0.042 0.16 0)
(0.044 0.16 0)
(0.046 0.16 0)
(0.048 0.16 0)
(0.05 0.16 0)
(0 0.1866666667 0)
(0.002 0.1866666667 0)
(0.004 0.1866666667 0)
(0.006 0.1866666667 0)
(0.008 0.1866666667 0)
(0.01 0.1866666667 0)
(0.012 0.1866666667 0)
(0.014 0.1866666667 0)
(0.016 0.1866666667 0)
(0.018 0.1866666667 0)
(0.02 0.1866666667 0)
(0.022 0.1866666667 0)
(0.024 0.1866666667 0)
(0.026 0.1866666667 0)
(0.028 0.1866666667 0)
(0.03 0.1866666667 0)
(0.032 0.1866666667 0)
(0.034 0.1866666667 0)
(0.036 0.1866666667 0)
(0.038 0.1866666667 0)
(0.04 0.1866666667 0)
(0.042 0.1866666667 0)
(0.044 0.1866666667 0)
(0.046 0.1866666667 0)
(0.048 0.1866666667 0)
(0.05 0.1866666667 0)
(0 0.2133333333 0)
(0.002 0.2133333333 0)
(0.004 0.2133333333 0)
(0.006 0.2133333333 0)
(0.008 0.2133333333 0)
(0.01 0.2133333333 0)
(0.012 0.2133333333 0)
(0.014 0.2133333333 0)
(0.016 0.2133333333 0)
(0.018 0.2133333333 0)
(0.02 0.2133333333 0)
(0.022 0.2133333333 0)
(0.024 0.2133333333 0)
(0.026 0.2133333333 0)
(0.028 0.2133333333 0)
(0.03 0.2133333333 0)
(0.032 0.2133333333 0)
(0.034 0.2133333333 0)
(0.036 0.2133333333 0)
(0.038 0.2133333333 0)
(0.04 0.2133333333 0)
(0.042 0.2133333333 0)
(0.044 0.2133333333 0)
(0.046 0.2133333333 0)
(0.048 0.2133333333 0)
(0.05 0.2133333333 0)
(0 0.24 0)
(0.002 0.24 0)
(0.004 0.24 0)
(0.006 0.24 0)
(0.008 0.24 0)
(0.01 0.24 0)
(0.012 0.24 0)
(0.014 0.24 0)
(0.016 0.24 0)
(0.018 0.24 0)
(0.02 0.24 0)
(0.022 0.24 0)
(0.024 0.24 0)
(0.026 0.24 0)
(0.028 0.24 0)
(0.03 0.24 0)
(0.032 0.24 0)
(0.034 0.24 0)
(0.036 0.24 0)
(0.038 0.24 0)
(0.04 0.24 0)
(0.042 0.24 0)
(0.044 0.24 0)
(0.046 0.24 0)
(0.048 0.24 0)
(0.05 0.24 0)
(0 0.2666666667 0)
(0.002 0.2666666667 0)
(0.004 0.2666666667 0)
(0.006 0.2666666667 0)
(0.008 0.2666666667 0)
(0.01 0.2666666667 0)
(0.012 0.2666666667 0)
(0.014 0.2666666667 0)
(0.016 0.2666666667 0)
(0.018 0.2666666667 0)
(0.02 0.2666666667 0)
(0.022 0.2666666667 0)
(0.024 0.2666666667 0)
(0.026 0.2666666667 0)
(0.028 0.2666666667 0)
(0.03 0.2666666667 0)
(0.032 0.2666666667 0)
(0.034 0.2666666667 0)
(0.036 0.2666666667 0)
(0.038 0.2666666667 0)
(0.04 0.2666666667 0)
(0.042 0.2666666667 0)
(0.044 0.2666666667 0)
(0.046 0.2666666667 0)
(0.048 0.2666666667 0)
(0.05 0.2666666667 0)
(0 0.2933333333 0)
(0.002 0.2933333333 0)
(0.004 0.2933333333 0)
(0.006 0.2933333333 0)
(0.008 0.2933333333 0)
(0.01 0.2933333333 0)
(0.012 0.2933333333 0)
(0.014 0.2933333333 0)
(0.016 0.2933333333 0)
(0.018 0.2933333333 0)
(0.02 0.2933333333 0)
(0.022 0.2933333333 0)
(0.024 0.2933333333 0)
(0.026 0.2933333333 0)
(0.028 0.2933333333 0)
(0.03 0.2933333333 0)
(0.032 0.2933333333 0)
(0.034 0.2933333333 0)
(0.036 0.2933333333 0)
(0.038 0.2933333333 0)
(0.04 0.2933333333 0)
(0.042 0.2933333333 0)
(0.044 0.2933333333 0)
(0.046 0.2933333333 0)
(0.048 0.2933333333 0)
(0.05 0.2933333333 0)
(0 0.32 0)
(0.002 0.32 0)
(0.004 0.32 0)
(0.006 0.32 0)
(0.008 0.32 0)
(0.01 0.32 0)
(0.012 0.32 0)
(0.014 0.32 0)
(0.016 0.32 0)
(0.018 0.32 0)
(0.02 0.32 0)
(0.022 0.32 0)
(0.024 0.32 0)
(0.026 0.32 0)
(0.028 0.32 0)
(0.03 0.32 0)
(0.032 0.32 0)
(0.034 0.32 0)
(0.036 0.32 0)
(0.038 0.32 0)
(0.04 0.32 0)
(0.042 0.32 0)
(0.044 0.32 0)
(0.046 0.32 0)
(0.048 0.32 0)
(0.05 0.32 0)
(0 0.3466666667 0)
(0.002 0.3466666667 0)
(0.004 0.3466666667 0)
(0.006 0.3466666667 0)
(0.008 0.3466666667 0)
(0.01 0.3466666667 0)
(0.012 0.3466666667 0)
(0.014 0.3466666667 0)
(0.016 0.3466666667 0)
(0.018 0.3466666667 0)
(0.02 0.3466666667 0)
(0.022 0.3466666667 0)
(0.024 0.3466666667 0)
(0.026 0.3466666667 0)
(0.028 0.3466666667 0)
(0.03 0.3466666667 0)
(0.032 0.3466666667 0)
(0.034 0.3466666667 0)
(0.036 0.3466666667 0)
(0.038 0.3466666667 0)
(0.04 0.3466666667 0)
(0.042 0.3466666667 0)
(0.044 0.3466666667 0)
(0.046 0.3466666667 0)
(0.048 0.3466666667 0)
(0.05 0.3466666667 0)
(0 0.3733333333 0)
(0.002 0.3733333333 0)
(0.004 0.3733333333 0)
(0.006 0.3733333333 0)
(0.008 0.3733333333 0)
(0.01 0.3733333333 0)
(0.012 0.3733333333 0)
(0.014 0.3733333333 0)
(0.016 0.3733333333 0)
(0.018 0.3733333333 0)
(0.02 0.3733333333 0)
(0.022 0.3733333333 0)
(0.024 0.3733333333 0)
(0.026 0.3733333333 0)
(0.028 0.3733333333 0)
(0.03 0.3733333333 0)
(0.032 0.3733333333 0)
(0.034 0.3733333333 0)
(0.036 0.3733333333 0)
(0.038 0.3733333333 0)
(0.04 0.3733333333 0)
(0.042 0.3733333333 0)
(0.044 0.3733333333 0)
(0.046 0.3733333333 0)
(0.048 0.3733333333 0)
(0.05 0.3733333333 0)
(0 0.4 0)
(0.002 0.4 0)
(0.004 0.4 0)
(0.006 0.4 0)
(0.008 0.4 0)
(0.01 0.4 0)
(0.012 0.4 0)
(0.014 0.4 0)
(0.016 0.4 0)
(0.018 0.4 0)
(0.02 0.4 0)
(0.022 0.4 0)
(0.024 0.4 0)
(0.026 0.4 0)
(0.028 0.4 0)
(0.03 0.4 0)
(0.032 0.4 0)
(0.034 0.4 0)
(0.036 0.4 0)
(0.038 0.4 0)
(0.04 0.4 0)
(0.042 0.4 0)
(0.044 0.4 0)
(0.046 0.4 0)
(0.048 0.4 0)
(0.05 0.4 0)
(0 0.4266666667 0)
(0.002 0.4266666667 0)
(0.004 0.4266666667 0)
(0.006 0.4266666667 0)
(0.008 0.4266666667 0)
(0.01 0.4266666667 0)
(0.012 0.4266666667 0)
(0.014 0.4266666667 0)
(0.016 0.4266666667 0)
(0.018 0.4266666667 0)
(0.02 0.4266666667 0)
(0.022 0.4266666667 0)
(0.024 0.4266666667 0)
(0.026 0.4266666667 0)
(0.028 0.4266666667 0)
(0.03 0.4266666667 0)
(0.032 0.4266666667 0)
(0.034 0.4266666667 0)
(0.036 0.4266666667 0)
(0.038 0.4266666667 0)
(0.04 0.4266666667 0)
(0.042 0.4266666667 0)
(0.044 0.4266666667 0)
(0.046 0.4266666667 0)
(0.048 0.4266666667 0)
(0.05 0.4266666667 0)
(0 0.4533333333 0)
(0.002 0.4533333333 0)
(0.004 0.4533333333 0)
(0.006 0.4533333333 0)
(0.008 0.4533333333 0)
(0.01 0.4533333333 0)
(0.012 0.4533333333 0)
(0.014 0.4533333333 0)
(0.016 0.4533333333 0)
(0.018 0.4533333333 0)
(0.02 0.4533333333 0)
(0.022 0.4533333333 0)
(0.024 0.4533333333 0)
(0.026 0.4533333333 0)
(0.028 0.4533333333 0)
(0.03 0.4533333333 0)
(0.032 0.4533333333 0)
(0.034 0.4533333333 0)
(0.036 0.4533333333 0)
(0.038 0.4533333333 0)
(0.04 0.4533333333 0)
(0.042 0.4533333333 0)
(0.044 0.4533333333 0)
(0.046 0.4533333333 0)
(0.048 0.4533333333 0)
(0.05 0.4533333333 0)
(0 0.48 0)
(0.002 0.48 0)
(0.004 0.48 0)
(0.006 0.48 0)
(0.008 0.48 0)
(0.01 0.48 0)
(0.012 0.48 0)
(0.014 0.48 0)
(0.016 0.48 0)
(0.018 0.48 0)
(0.02 0.48 0)
(0.022 0.48 0)
(0.024 0.48 0)
(0.026 0.48 0)
(0.028 0.48 0)
(0.03 0.48 0)
(0.032 0.48 0)
(0.034 0.48 0)
(0.036 0.48 0)
(0.038 0.48 0)
(0.04 0.48 0)
(0.042 0.48 0)
(0.044 0.48 0)
(0.046 0.48 0)
(0.048 0.48 0)
(0.05 0.48 0)
(0 0.5066666667 0)
(0.002 0.5066666667 0)
(0.004 0.5066666667 0)
(0.006 0.5066666667 0)
(0.008 0.5066666667 0)
(0.01 0.5066666667 0)
(0.012 0.5066666667 0)
(0.014 0.5066666667 0)
(0.016 0.5066666667 0)
(0.018 0.5066666667 0)
(0.02 0.5066666667 0)
(0.022 0.5066666667 0)
(0.024 0.5066666667 0)
(0.026 0.5066666667 0)
(0.028 0.5066666667 0)
(0.03 0.5066666667 0)
(0.032 0.5066666667 0)
(0.034 0.5066666667 0)
(0.036 0.5066666667 0)
(0.038 0.5066666667 0)
(0.04 0.5066666667 0)
(0.042 0.5066666667 0)
(0.044 0.5066666667 0)
(0.046 0.5066666667 0)
(0.048 0.5066666667 0)
(0.05 0.5066666667 0)
(0 0.5333333333 0)
(0.002 0.5333333333 0)
(0.004 0.5333333333 0)
(0.006 0.5333333333 0)
(0.008 0.5333333333 0)
(0.01 0.5333333333 0)
(0.012 0.5333333333 0)
(0.014 0.5333333333 0)
(0.016 0.5333333333 0)
(0.018 0.5333333333 0)
(0.02 0.5333333333 0)
(0.022 0.5333333333 0)
(0.024 0.5333333333 0)
(0.026 0.5333333333 0)
(0.028 0.5333333333 0)
(0.03 0.5333333333 0)
(0.032 0.5333333333 0)
(0.034 0.5333333333 0)
(0.036 0.5333333333 0)
(0.038 0.5333333333 0)
(0.04 0.5333333333 0)
(0.042 0.5333333333 0)
(0.044 0.5333333333 0)
(0.046 0.5333333333 0)
(0.048 0.5333333333 0)
(0.05 0.5333333333 0)
(0 0.56 0)
(0.002 0.56 0)
(0.004 0.56 0)
(0.006 0.56 0)
(0.008 0.56 0)
(0.01 0.56 0)
(0.012 0.56 0)
(0.014 0.56 0)
(0.016 0.56 0)
(0.018 0.56 0)
(0.02 0.56 0)
(0.022 0.56 0)
(0.024 0.56 0)
(0.026 0.56 0)
(0.028 0.56 0)
(0.03 0.56 0)
(0.032 0.56 0)
(0.034 0.56 0)
(0.036 0.56 0)
(0.038 0.56 0)
(0.04 0.56 0)
(0.042 0.56 0)
(0.044 0.56 0)
(0.046 0.56 0)
(0.048 0.56 0)
(0.05 0.56 0)
(0 0.5866666667 0)
(0.002 0.5866666667 0)
(0.004 0.5866666667 0)
(0.006 0.5866666667 0)
(0.008 0.5866666667 0)
(0.01 0.5866666667 0)
(0.012 0.5866666667 0)
(0.014 0.5866666667 0)
(0.016 0.5866666667 0)
(0.018 0.5866666667 0)
(0.02 0.5866666667 0)
(0.022 0.5866666667 0)
(0.024 0.5866666667 0)
(0.026 0.5866666667 0)
(0.028 0.5866666667 0)
(0.03 0.5866666667 0)
(0.032 0.5866666667 0)
(0.034 0.5866666667 0)
(0.036 0.5866666667 0)
(0.038 0.5866666667 0)
(0.04 0.5866666667 0)
(0.042 0.5866666667 0)
(0.044 0.5866666667 0)
(0.046 0.5866666667 0)
(0.048 0.5866666667 0)
(0.05 0.5866666667 0)
(0 0.6133333333 0)
(0.002 0.6133333333 0)
(0.004 0.6133333333 0)
(0.006 0.6133333333 0)
(0.008 0.6133333333 0)
(0.01 0.6133333333 0)
(0.012 0.6133333333 0)
(0.014 0.6133333333 0)
(0.016 0.6133333333 0)
(0.018 0.6133333333 0)
(0.02 0.6133333333 0)
(0.022 0.6133333333 0)
(0.024 0.6133333333 0)
(0.026 0.6133333333 0)
(0.028 0.6133333333 0)
(0.03 0.6133333333 0)
(0.032 0.6133333333 0)
(0.034 0.6133333333 0)
(0.036 0.6133333333 0)
(0.038 0.6133333333 0)
(0.04 0.6133333333 0)
(0.042 0.6133333333 0)
(0.044 0.6133333333 0)
(0.046 0.6133333333 0)
(0.048 0.6133333333 0)
(0.05 0.6133333333 0)
(0 0.64 0)
(0.002 0.64 0)
(0.004 0.64 0)
(0.006 0.64 0)
(0.008 0.64 0)
(0.01 0.64 0)
(0.012 0.64 0)
(0.014 0.64 0)
(0.016 0.64 0)
(0.018 0.64 0)
(0.02 0.64 0)
(0.022 0.64 0)
(0.024 0.64 0)
(0.026 0.64 0)
(0.028 0.64 0)
(0.03 0.64 0)
(0.032 0.64 0)
(0.034 0.64 0)
(0.036 0.64 0)
(0.038 0.64 0)
(0.04 0.64 0)
(0.042 0.64 0)
(0.044 0.64 0)
(0.046 0.64 0)
(0.048 0.64 0)
(0.05 0.64 0)
(0 0.6666666667 0)
(0.002 0.6666666667 0)
(0.004 0.6666666667 0)
(0.006 0.6666666667 0)
(0.008 0.6666666667 0)
(0.01 0.6666666667 0)
(0.012 0.6666666667 0)
(0.014 0.6666666667 0)
(0.016 0.6666666667 0)
(0.018 0.6666666667 0)
(0.02 0.6666666667 0)
(0.022 0.6666666667 0)
(0.024 0.6666666667 0)
(0.026 0.6666666667 0)
(0.028 0.6666666667 0)
(0.03 0.6666666667 0)
(0.032 0.6666666667 0)
(0.034 0.6666666667 0)
(0.036 0.6666666667 0)
(0.038 0.6666666667 0)
(0.04 0.6666666667 0)
(0.042 0.6666666667 0)
(0.044 0.6666666667 0)
(0.046 0.6666666667 0)
(0.048 0.6666666667 0)
(0.05 0.6666666667 0)
(0 0.6933333333 0)
(0.002 0.6933333333 0)
(0.004 0.6933333333 0)
(0.006 0.6933333333 0)
(0.008 0.6933333333 0)
(0.01 0.6933333333 0)
(0.012 0.6933333333 0)
(0.014 0.6933333333 0)
(0.016 0.6933333333 0)
(0.018 0.6933333333 0)
(0.02 0.6933333333 0)
(0.022 0.6933333333 0)
(0.024 0.6933333333 0)
(0.026 0.6933333333 0)
(0.028 0.6933333333 0)
(0.03 0.6933333333 0)
(0.032 0.6933333333 0)
(0.034 0.6933333333 0)
(0.036 0.6933333333 0)
(0.038 0.6933333333 0)
(0.04 0.6933333333 0)
(0.042 0.6933333333 0)
(0.044 0.6933333333 0)
(0.046 0.6933333333 0)
(0.048 0.6933333333 0)
(0.05 0.6933333333 0)
(0 0.72 0)
(0.002 0.72 0)
(0.004 0.72 0)
(0.006 0.72 0)
(0.008 0.72 0)
(0.01 0.72 0)
(0.012 0.72 0)
(0.014 0.72 0)
(0.016 0.72 0)
(0.018 0.72 0)
(0.02 0.72 0)
(0.022 0.72 0)
(0.024 0.72 0)
(0.026 0.72 0)
(0.028 0.72 0)
(0.03 0.72 0)
(0.032 0.72 0)
(0.034 0.72 0)
(0.036 0.72 0)
(0.038 0.72 0)
(0.04 0.72 0)
(0.042 0.72 0)
(0.044 0.72 0)
(0.046 0.72 0)
(0.048 0.72 0)
(0.05 0.72 0)
(0 0.7466666667 0)
(0.002 0.7466666667 0)
(0.004 0.7466666667 0)
(0.006 0.7466666667 0)
(0.008 0.7466666667 0)
(0.01 0.7466666667 0)
(0.012 0.7466666667 0)
(0.014 0.7466666667 0)
(0.016 0.7466666667 0)
(0.018 0.7466666667 0)
(0.02 0.7466666667 0)
(0.022 0.7466666667 0)
(0.024 0.7466666667 0)
(0.026 0.7466666667 0)
(0.028 0.7466666667 0)
(0.03 0.7466666667 0)
(0.032 0.7466666667 0)
(0.034 0.7466666667 0)
(0.036 0.7466666667 0)
(0.038 0.7466666667 0)
(0.04 0.7466666667 0)
(0.042 0.7466666667 0)
(0.044 0.7466666667 0)
(0.046 0.7466666667 0)
(0.048 0.7466666667 0)
(0.05 0.7466666667 0)
(0 0.7733333333 0)
(0.002 0.7733333333 0)
(0.004 0.7733333333 0)
(0.006 0.7733333333 0)
(0.008 0.7733333333 0)
(0.01 0.7733333333 0)
(0.012 0.7733333333 0)
(0.014 0.7733333333 0)
(0.016 0.7733333333 0)
(0.018 0.7733333333 0)
(0.02 0.7733333333 0)
(0.022 0.7733333333 0)
(0.024 0.7733333333 0)
(0.026 0.7733333333 0)
(0.028 0.7733333333 0)
(0.03 0.7733333333 0)
(0.032 0.7733333333 0)
(0.034 0.7733333333 0)
(0.036 0.7733333333 0)
(0.038 0.7733333333 0)
(0.04 0.7733333333 0)
(0.042 0.7733333333 0)
(0.044 0.7733333333 0)
(0.046 0.7733333333 0)
(0.048 0.7733333333 0)
(0.05 0.7733333333 0)
(0 0.8 0)
(0.002 0.8 0)
(0.004 0.8 0)
(0.006 0.8 0)
(0.008 0.8 0)
(0.01 0.8 0)
(0.012 0.8 0)
(0.014 0.8 0)
(0.016 0.8 0)
(0.018 0.8 0)
(0.02 0.8 0)
(0.022 0.8 0)
(0.024 0.8 0)
(0.026 0.8 0)
(0.028 0.8 0)
(0.03 0.8 0)
(0.032 0.8 0)
(0.034 0.8 0)
(0.036 0.8 0)
(0.038 0.8 0)
(0.04 0.8 0)
(0.042 0.8 0)
(0.044 0.8 0)
(0.046 0.8 0)
(0.048 0.8 0)
(0.05 0.8 0)
(0 0.8266666667 0)
(0.002 0.8266666667 0)
(0.004 0.8266666667 0)
(0.006 0.8266666667 0)
(0.008 0.8266666667 0)
(0.01 0.8266666667 0)
(0.012 0.8266666667 0)
(0.014 0.8266666667 0)
(0.016 0.8266666667 0)
(0.018 0.8266666667 0)
(0.02 0.8266666667 0)
(0.022 0.8266666667 0)
(0.024 0.8266666667 0)
(0.026 0.8266666667 0)
(0.028 0.8266666667 0)
(0.03 0.8266666667 0)
(0.032 0.8266666667 0)
(0.034 0.8266666667 0)
(0.036 0.8266666667 0)
(0.038 0.8266666667 0)
(0.04 0.8266666667 0)
(0.042 0.8266666667 0)
(0.044 0.8266666667 0)
(0.046 0.8266666667 0)
(0.048 0.8266666667 0)
(0.05 0.8266666667 0)
(0 0.8533333333 0)
(0.002 0.8533333333 0)
(0.004 0.8533333333 0)
(0.006 0.8533333333 0)
(0.008 0.8533333333 0)
(0.01 0.8533333333 0)
(0.012 0.8533333333 0)
(0.014 0.8533333333 0)
(0.016 0.8533333333 0)
(0.018 0.8533333333 0)
(0.02 0.8533333333 0)
(0.022 0.8533333333 0)
(0.024 0.8533333333 0)
(0.026 0.8533333333 0)
(0.028 0.8533333333 0)
(0.03 0.8533333333 0)
(0.032 0.8533333333 0)
(0.034 0.8533333333 0)
(0.036 0.8533333333 0)
(0.038 0.8533333333 0)
(0.04 0.8533333333 0)
(0.042 0.8533333333 0)
(0.044 0.8533333333 0)
(0.046 0.8533333333 0)
(0.048 0.8533333333 0)
(0.05 0.8533333333 0)
(0 0.88 0)
(0.002 0.88 0)
(0.004 0.88 0)
(0.006 0.88 0)
(0.008 0.88 0)
(0.01 0.88 0)
(0.012 0.88 0)
(0.014 0.88 0)
(0.016 0.88 0)
(0.018 0.88 0)
(0.02 0.88 0)
(0.022 0.88 0)
(0.024 0.88 0)
(0.026 0.88 0)
(0.028 0.88 0)
(0.03 0.88 0)
(0.032 0.88 0)
(0.034 0.88 0)
(0.036 0.88 0)
(0.038 0.88 0)
(0.04 0.88 0)
(0.042 0.88 0)
(0.044 0.88 0)
(0.046 0.88 0)
(0.048 0.88 0)
(0.05 0.88 0)
(0 0.9066666667 0)
(0.002 0.9066666667 0)
(0.004 0.9066666667 0)
(0.006 0.9066666667 0)
(0.008 0.9066666667 0)
(0.01 0.9066666667 0)
(0.012 0.9066666667 0)
(0.014 0.9066666667 0)
(0.016 0.9066666667 0)
(0.018 0.9066666667 0)
(0.02 0.9066666667 0)
(0.022 0.9066666667 0)
(0.024 0.9066666667 0)
(0.026 0.9066666667 0)
(0.028 0.9066666667 0)
(0.03 0.9066666667 0)
(0.032 0.9066666667 0)
(0.034 0.9066666667 0)
(0.036 0.9066666667 0)
(0.038 0.9066666667 0)
(0.04 0.9066666667 0)
(0.042 0.9066666667 0)
(0.044 0.9066666667 0)
(0.046 0.9066666667 0)
(0.048 0.9066666667 0)
(0.05 0.9066666667 0)
(0 0.9333333333 0)
(0.002 0.9333333333 0)
(0.004 0.9333333333 0)
(0.006 0.9333333333 0)
(0.008 0.9333333333 0)
(0.01 0.9333333333 0)
(0.012 0.9333333333 0)
(0.014 0.9333333333 0)
(0.016 0.9333333333 0)
(0.018 0.9333333333 0)
(0.02 0.9333333333 0)
(0.022 0.9333333333 0)
(0.024 0.9333333333 0)
(0.026 0.9333333333 0)
(0.028 0.9333333333 0)
(0.03 0.9333333333 0)
(0.032 0.9333333333 0)
(0.034 0.9333333333 0)
(0.036 0.9333333333 0)
(0.038 0.9333333333 0)
(0.04 0.9333333333 0)
(0.042 0.9333333333 0)
(0.044 0.9333333333 0)
(0.046 0.9333333333 0)
(0.048 0.9333333333 0)
(0.05 0.9333333333 0)
(0 0.96 0)
(0.002 0.96 0)
(0.004 0.96 0)
(0.006 0.96 0)
(0.008 0.96 0)
(0.01 0.96 0)
(0.012 0.96 0)
(0.014 0.96 0)
(0.016 0.96 0)
(0.018 0.96 0)
(0.02 0.96 0)
(0.022 0.96 0)
(0.024 0.96 0)
(0.026 0.96 0)
(0.028 0.96 0)
(0.03 0.96 0)
(0.032 0.96 0)
(0.034 0.96 0)
(0.036 0.96 0)
(0.038 0.96 0)
(0.04 0.96 0)
(0.042 0.96 0)
(0.044 0.96 0)
(0.046 0.96 0)
(0.048 0.96 0)
(0.05 0.96 0)
(0 0.9866666667 0)
(0.002 0.9866666667 0)
(0.004 0.9866666667 0)
(0.006 0.9866666667 0)
(0.008 0.9866666667 0)
(0.01 0.9866666667 0)
(0.012 0.9866666667 0)
(0.014 0.9866666667 0)
(0.016 0.9866666667 0)
(0.018 0.9866666667 0)
(0.02 0.9866666667 0)
(0.022 0.9866666667 0)
(0.024 0.9866666667 0)
(0.026 0.9866666667 0)
(0.028 0.9866666667 0)
(0.03 0.9866666667 0)
(0.032 0.9866666667 0)
(0.034 0.9866666667 0)
(0.036 0.9866666667 0)
(0.038 0.9866666667 0)
(0.04 0.9866666667 0)
(0.042 0.9866666667 0)
(0.044 0.9866666667 0)
(0.046 0.9866666667 0)
(0.048 0.9866666667 0)
(0.05 0.9866666667 0)
(0 1.013333333 0)
(0.002 1.013333333 0)
(0.004 1.013333333 0)
(0.006 1.013333333 0)
(0.008 1.013333333 0)
(0.01 1.013333333 0)
(0.012 1.013333333 0)
(0.014 1.013333333 0)
(0.016 1.013333333 0)
(0.018 1.013333333 0)
(0.02 1.013333333 0)
(0.022 1.013333333 0)
(0.024 1.013333333 0)
(0.026 1.013333333 0)
(0.028 1.013333333 0)
(0.03 1.013333333 0)
(0.032 1.013333333 0)
(0.034 1.013333333 0)
(0.036 1.013333333 0)
(0.038 1.013333333 0)
(0.04 1.013333333 0)
(0.042 1.013333333 0)
(0.044 1.013333333 0)
(0.046 1.013333333 0)
(0.048 1.013333333 0)
(0.05 1.013333333 0)
(0 1.04 0)
(0.002 1.04 0)
(0.004 1.04 0)
(0.006 1.04 0)
(0.008 1.04 0)
(0.01 1.04 0)
(0.012 1.04 0)
(0.014 1.04 0)
(0.016 1.04 0)
(0.018 1.04 0)
(0.02 1.04 0)
(0.022 1.04 0)
(0.024 1.04 0)
(0.026 1.04 0)
(0.028 1.04 0)
(0.03 1.04 0)
(0.032 1.04 0)
(0.034 1.04 0)
(0.036 1.04 0)
(0.038 1.04 0)
(0.04 1.04 0)
(0.042 1.04 0)
(0.044 1.04 0)
(0.046 1.04 0)
(0.048 1.04 0)
(0.05 1.04 0)
(0 1.066666667 0)
(0.002 1.066666667 0)
(0.004 1.066666667 0)
(0.006 1.066666667 0)
(0.008 1.066666667 0)
(0.01 1.066666667 0)
(0.012 1.066666667 0)
(0.014 1.066666667 0)
(0.016 1.066666667 0)
(0.018 1.066666667 0)
(0.02 1.066666667 0)
(0.022 1.066666667 0)
(0.024 1.066666667 0)
(0.026 1.066666667 0)
(0.028 1.066666667 0)
(0.03 1.066666667 0)
(0.032 1.066666667 0)
(0.034 1.066666667 0)
(0.036 1.066666667 0)
(0.038 1.066666667 0)
(0.04 1.066666667 0)
(0.042 1.066666667 0)
(0.044 1.066666667 0)
(0.046 1.066666667 0)
(0.048 1.066666667 0)
(0.05 1.066666667 0)
(0 1.093333333 0)
(0.002 1.093333333 0)
(0.004 1.093333333 0)
(0.006 1.093333333 0)
(0.008 1.093333333 0)
(0.01 1.093333333 0)
(0.012 1.093333333 0)
(0.014 1.093333333 0)
(0.016 1.093333333 0)
(0.018 1.093333333 0)
(0.02 1.093333333 0)
(0.022 1.093333333 0)
(0.024 1.093333333 0)
(0.026 1.093333333 0)
(0.028 1.093333333 0)
(0.03 1.093333333 0)
(0.032 1.093333333 0)
(0.034 1.093333333 0)
(0.036 1.093333333 0)
(0.038 1.093333333 0)
(0.04 1.093333333 0)
(0.042 1.093333333 0)
(0.044 1.093333333 0)
(0.046 1.093333333 0)
(0.048 1.093333333 0)
(0.05 1.093333333 0)
(0 1.12 0)
(0.002 1.12 0)
(0.004 1.12 0)
(0.006 1.12 0)
(0.008 1.12 0)
(0.01 1.12 0)
(0.012 1.12 0)
(0.014 1.12 0)
(0.016 1.12 0)
(0.018 1.12 0)
(0.02 1.12 0)
(0.022 1.12 0)
(0.024 1.12 0)
(0.026 1.12 0)
(0.028 1.12 0)
(0.03 1.12 0)
(0.032 1.12 0)
(0.034 1.12 0)
(0.036 1.12 0)
(0.038 1.12 0)
(0.04 1.12 0)
(0.042 1.12 0)
(0.044 1.12 0)
(0.046 1.12 0)
(0.048 1.12 0)
(0.05 1.12 0)
(0 1.146666667 0)
(0.002 1.146666667 0)
(0.004 1.146666667 0)
(0.006 1.146666667 0)
(0.008 1.146666667 0)
(0.01 1.146666667 0)
(0.012 1.146666667 0)
(0.014 1.146666667 0)
(0.016 1.146666667 0)
(0.018 1.146666667 0)
(0.02 1.146666667 0)
(0.022 1.146666667 0)
(0.024 1.146666667 0)
(0.026 1.146666667 0)
(0.028 1.146666667 0)
(0.03 1.146666667 0)
(0.032 1.146666667 0)
(0.034 1.146666667 0)
(0.036 1.146666667 0)
(0.038 1.146666667 0)
(0.04 1.146666667 0)
(0.042 1.146666667 0)
(0.044 1.146666667 0)
(0.046 1.146666667 0)
(0.048 1.146666667 0)
(0.05 1.146666667 0)
(0 1.173333333 0)
(0.002 1.173333333 0)
(0.004 1.173333333 0)
(0.006 1.173333333 0)
(0.008 1.173333333 0)
(0.01 1.173333333 0)
(0.012 1.173333333 0)
(0.014 1.173333333 0)
(0.016 1.173333333 0)
(0.018 1.173333333 0)
(0.02 1.173333333 0)
(0.022 1.173333333 0)
(0.024 1.173333333 0)
(0.026 1.173333333 0)
(0.028 1.173333333 0)
(0.03 1.173333333 0)
(0.032 1.173333333 0)
(0.034 1.173333333 0)
(0.036 1.173333333 0)
(0.038 1.173333333 0)
(0.04 1.173333333 0)
(0.042 1.173333333 0)
(0.044 1.173333333 0)
(0.046 1.173333333 0)
(0.048 1.173333333 0)
(0.05 1.173333333 0)
(0 1.2 0)
(0.002 1.2 0)
(0.004 1.2 0)
(0.006 1.2 0)
(0.008 1.2 0)
(0.01 1.2 0)
(0.012 1.2 0)
(0.014 1.2 0)
(0.016 1.2 0)
(0.018 1.2 0)
(0.02 1.2 0)
(0.022 1.2 0)
(0.024 1.2 0)
(0.026 1.2 0)
(0.028 1.2 0)
(0.03 1.2 0)
(0.032 1.2 0)
(0.034 1.2 0)
(0.036 1.2 0)
(0.038 1.2 0)
(0.04 1.2 0)
(0.042 1.2 0)
(0.044 1.2 0)
(0.046 1.2 0)
(0.048 1.2 0)
(0.05 1.2 0)
(0 1.226666667 0)
(0.002 1.226666667 0)
(0.004 1.226666667 0)
(0.006 1.226666667 0)
(0.008 1.226666667 0)
(0.01 1.226666667 0)
(0.012 1.226666667 0)
(0.014 1.226666667 0)
(0.016 1.226666667 0)
(0.018 1.226666667 0)
(0.02 1.226666667 0)
(0.022 1.226666667 0)
(0.024 1.226666667 0)
(0.026 1.226666667 0)
(0.028 1.226666667 0)
(0.03 1.226666667 0)
(0.032 1.226666667 0)
(0.034 1.226666667 0)
(0.036 1.226666667 0)
(0.038 1.226666667 0)
(0.04 1.226666667 0)
(0.042 1.226666667 0)
(0.044 1.226666667 0)
(0.046 1.226666667 0)
(0.048 1.226666667 0)
(0.05 1.226666667 0)
(0 1.253333333 0)
(0.002 1.253333333 0)
(0.004 1.253333333 0)
(0.006 1.253333333 0)
(0.008 1.253333333 0)
(0.01 1.253333333 0)
(0.012 1.253333333 0)
(0.014 1.253333333 0)
(0.016 1.253333333 0)
(0.018 1.253333333 0)
(0.02 1.253333333 0)
(0.022 1.253333333 0)
(0.024 1.253333333 0)
(0.026 1.253333333 0)
(0.028 1.253333333 0)
(0.03 1.253333333 0)
(0.032 1.253333333 0)
(0.034 1.253333333 0)
(0.036 1.253333333 0)
(0.038 1.253333333 0)
(0.04 1.253333333 0)
(0.042 1.253333333 0)
(0.044 1.253333333 0)
(0.046 1.253333333 0)
(0.048 1.253333333 0)
(0.05 1.253333333 0)
(0 1.28 0)
(0.002 1.28 0)
(0.004 1.28 0)
(0.006 1.28 0)
(0.008 1.28 0)
(0.01 1.28 0)
(0.012 1.28 0)
(0.014 1.28 0)
(0.016 1.28 0)
(0.018 1.28 0)
(0.02 1.28 0)
(0.022 1.28 0)
(0.024 1.28 0)
(0.026 1.28 0)
(0.028 1.28 0)
(0.03 1.28 0)
(0.032 1.28 0)
(0.034 1.28 0)
(0.036 1.28 0)
(0.038 1.28 0)
(0.04 1.28 0)
(0.042 1.28 0)
(0.044 1.28 0)
(0.046 1.28 0)
(0.048 1.28 0)
(0.05 1.28 0)
(0 1.306666667 0)
(0.002 1.306666667 0)
(0.004 1.306666667 0)
(0.006 1.306666667 0)
(0.008 1.306666667 0)
(0.01 1.306666667 0)
(0.012 1.306666667 0)
(0.014 1.306666667 0)
(0.016 1.306666667 0)
(0.018 1.306666667 0)
(0.02 1.306666667 0)
(0.022 1.306666667 0)
(0.024 1.306666667 0)
(0.026 1.306666667 0)
(0.028 1.306666667 0)
(0.03 1.306666667 0)
(0.032 1.306666667 0)
(0.034 1.306666667 0)
(0.036 1.306666667 0)
(0.038 1.306666667 0)
(0.04 1.306666667 0)
(0.042 1.306666667 0)
(0.044 1.306666667 0)
(0.046 1.306666667 0)
(0.048 1.306666667 0)
(0.05 1.306666667 0)
(0 1.333333333 0)
(0.002 1.333333333 0)
(0.004 1.333333333 0)
(0.006 1.333333333 0)
(0.008 1.333333333 0)
(0.01 1.333333333 0)
(0.012 1.333333333 0)
(0.014 1.333333333 0)
(0.016 1.333333333 0)
(0.018 1.333333333 0)
(0.02 1.333333333 0)
(0.022 1.333333333 0)
(0.024 1.333333333 0)
(0.026 1.333333333 0)
(0.028 1.333333333 0)
(0.03 1.333333333 0)
(0.032 1.333333333 0)
(0.034 1.333333333 0)
(0.036 1.333333333 0)
(0.038 1.333333333 0)
(0.04 1.333333333 0)
(0.042 1.333333333 0)
(0.044 1.333333333 0)
(0.046 1.333333333 0)
(0.048 1.333333333 0)
(0.05 1.333333333 0)
(0 1.36 0)
(0.002 1.36 0)
(0.004 1.36 0)
(0.006 1.36 0)
(0.008 1.36 0)
(0.01 1.36 0)
(0.012 1.36 0)
(0.014 1.36 0)
(0.016 1.36 0)
(0.018 1.36 0)
(0.02 1.36 0)
(0.022 1.36 0)
(0.024 1.36 0)
(0.026 1.36 0)
(0.028 1.36 0)
(0.03 1.36 0)
(0.032 1.36 0)
(0.034 1.36 0)
(0.036 1.36 0)
(0.038 1.36 0)
(0.04 1.36 0)
(0.042 1.36 0)
(0.044 1.36 0)
(0.046 1.36 0)
(0.048 1.36 0)
(0.05 1.36 0)
(0 1.386666667 0)
(0.002 1.386666667 0)
(0.004 1.386666667 0)
(0.006 1.386666667 0)
(0.008 1.386666667 0)
(0.01 1.386666667 0)
(0.012 1.386666667 0)
(0.014 1.386666667 0)
(0.016 1.386666667 0)
(0.018 1.386666667 0)
(0.02 1.386666667 0)
(0.022 1.386666667 0)
(0.024 1.386666667 0)
(0.026 1.386666667 0)
(0.028 1.386666667 0)
(0.03 1.386666667 0)
(0.032 1.386666667 0)
(0.034 1.386666667 0)
(0.036 1.386666667 0)
(0.038 1.386666667 0)
(0.04 1.386666667 0)
(0.042 1.386666667 0)
(0.044 1.386666667 0)
(0.046 1.386666667 0)
(0.048 1.386666667 0)
(0.05 1.386666667 0)
(0 1.413333333 0)
(0.002 1.413333333 0)
(0.004 1.413333333 0)
(0.006 1.413333333 0)
(0.008 1.413333333 0)
(0.01 1.413333333 0)
(0.012 1.413333333 0)
(0.014 1.413333333 0)
(0.016 1.413333333 0)
(0.018 1.413333333 0)
(0.02 1.413333333 0)
(0.022 1.413333333 0)
(0.024 1.413333333 0)
(0.026 1.413333333 0)
(0.028 1.413333333 0)
(0.03 1.413333333 0)
(0.032 1.413333333 0)
(0.034 1.413333333 0)
(0.036 1.413333333 0)
(0.038 1.413333333 0)
(0.04 1.413333333 0)
(0.042 1.413333333 0)
(0.044 1.413333333 0)
(0.046 1.413333333 0)
(0.048 1.413333333 0)
(0.05 1.413333333 0)
(0 1.44 0)
(0.002 1.44 0)
(0.004 1.44 0)
(0.006 1.44 0)
(0.008 1.44 0)
(0.01 1.44 0)
(0.012 1.44 0)
(0.014 1.44 0)
(0.016 1.44 0)
(0.018 1.44 0)
(0.02 1.44 0)
(0.022 1.44 0)
(0.024 1.44 0)
(0.026 1.44 0)
(0.028 1.44 0)
(0.03 1.44 0)
(0.032 1.44 0)
(0.034 1.44 0)
(0.036 1.44 0)
(0.038 1.44 0)
(0.04 1.44 0)
(0.042 1.44 0)
(0.044 1.44 0)
(0.046 1.44 0)
(0.048 1.44 0)
(0.05 1.44 0)
(0 1.466666667 0)
(0.002 1.466666667 0)
(0.004 1.466666667 0)
(0.006 1.466666667 0)
(0.008 1.466666667 0)
(0.01 1.466666667 0)
(0.012 1.466666667 0)
(0.014 1.466666667 0)
(0.016 1.466666667 0)
(0.018 1.466666667 0)
(0.02 1.466666667 0)
(0.022 1.466666667 0)
(0.024 1.466666667 0)
(0.026 1.466666667 0)
(0.028 1.466666667 0)
(0.03 1.466666667 0)
(0.032 1.466666667 0)
(0.034 1.466666667 0)
(0.036 1.466666667 0)
(0.038 1.466666667 0)
(0.04 1.466666667 0)
(0.042 1.466666667 0)
(0.044 1.466666667 0)
(0.046 1.466666667 0)
(0.048 1.466666667 0)
(0.05 1.466666667 0)
(0 1.493333333 0)
(0.002 1.493333333 0)
(0.004 1.493333333 0)
(0.006 1.493333333 0)
(0.008 1.493333333 0)
(0.01 1.493333333 0)
(0.012 1.493333333 0)
(0.014 1.493333333 0)
(0.016 1.493333333 0)
(0.018 1.493333333 0)
(0.02 1.493333333 0)
(0.022 1.493333333 0)
(0.024 1.493333333 0)
(0.026 1.493333333 0)
(0.028 1.493333333 0)
(0.03 1.493333333 0)
(0.032 1.493333333 0)
(0.034 1.493333333 0)
(0.036 1.493333333 0)
(0.038 1.493333333 0)
(0.04 1.493333333 0)
(0.042 1.493333333 0)
(0.044 1.493333333 0)
(0.046 1.493333333 0)
(0.048 1.493333333 0)
(0.05 1.493333333 0)
(0 1.52 0)
(0.002 1.52 0)
(0.004 1.52 0)
(0.006 1.52 0)
(0.008 1.52 0)
(0.01 1.52 0)
(0.012 1.52 0)
(0.014 1.52 0)
(0.016 1.52 0)
(0.018 1.52 0)
(0.02 1.52 0)
(0.022 1.52 0)
(0.024 1.52 0)
(0.026 1.52 0)
(0.028 1.52 0)
(0.03 1.52 0)
(0.032 1.52 0)
(0.034 1.52 0)
(0.036 1.52 0)
(0.038 1.52 0)
(0.04 1.52 0)
(0.042 1.52 0)
(0.044 1.52 0)
(0.046 1.52 0)
(0.048 1.52 0)
(0.05 1.52 0)
(0 1.546666667 0)
(0.002 1.546666667 0)
(0.004 1.546666667 0)
(0.006 1.546666667 0)
(0.008 1.546666667 0)
(0.01 1.546666667 0)
(0.012 1.546666667 0)
(0.014 1.546666667 0)
(0.016 1.546666667 0)
(0.018 1.546666667 0)
(0.02 1.546666667 0)
(0.022 1.546666667 0)
(0.024 1.546666667 0)
(0.026 1.546666667 0)
(0.028 1.546666667 0)
(0.03 1.546666667 0)
(0.032 1.546666667 0)
(0.034 1.546666667 0)
(0.036 1.546666667 0)
(0.038 1.546666667 0)
(0.04 1.546666667 0)
(0.042 1.546666667 0)
(0.044 1.546666667 0)
(0.046 1.546666667 0)
(0.048 1.546666667 0)
(0.05 1.546666667 0)
(0 1.573333333 0)
(0.002 1.573333333 0)
(0.004 1.573333333 0)
(0.006 1.573333333 0)
(0.008 1.573333333 0)
(0.01 1.573333333 0)
(0.012 1.573333333 0)
(0.014 1.573333333 0)
(0.016 1.573333333 0)
(0.018 1.573333333 0)
(0.02 1.573333333 0)
(0.022 1.573333333 0)
(0.024 1.573333333 0)
(0.026 1.573333333 0)
(0.028 1.573333333 0)
(0.03 1.573333333 0)
(0.032 1.573333333 0)
(0.034 1.573333333 0)
(0.036 1.573333333 0)
(0.038 1.573333333 0)
(0.04 1.573333333 0)
(0.042 1.573333333 0)
(0.044 1.573333333 0)
(0.046 1.573333333 0)
(0.048 1.573333333 0)
(0.05 1.573333333 0)
(0 1.6 0)
(0.002 1.6 0)
(0.004 1.6 0)
(0.006 1.6 0)
(0.008 1.6 0)
(0.01 1.6 0)
(0.012 1.6 0)
(0.014 1.6 0)
(0.016 1.6 0)
(0.018 1.6 0)
(0.02 1.6 0)
(0.022 1.6 0)
(0.024 1.6 0)
(0.026 1.6 0)
(0.028 1.6 0)
(0.03 1.6 0)
(0.032 1.6 0)
(0.034 1.6 0)
(0.036 1.6 0)
(0.038 1.6 0)
(0.04 1.6 0)
(0.042 1.6 0)
(0.044 1.6 0)
(0.046 1.6 0)
(0.048 1.6 0)
(0.05 1.6 0)
(0 1.626666667 0)
(0.002 1.626666667 0)
(0.004 1.626666667 0)
(0.006 1.626666667 0)
(0.008 1.626666667 0)
(0.01 1.626666667 0)
(0.012 1.626666667 0)
(0.014 1.626666667 0)
(0.016 1.626666667 0)
(0.018 1.626666667 0)
(0.02 1.626666667 0)
(0.022 1.626666667 0)
(0.024 1.626666667 0)
(0.026 1.626666667 0)
(0.028 1.626666667 0)
(0.03 1.626666667 0)
(0.032 1.626666667 0)
(0.034 1.626666667 0)
(0.036 1.626666667 0)
(0.038 1.626666667 0)
(0.04 1.626666667 0)
(0.042 1.626666667 0)
(0.044 1.626666667 0)
(0.046 1.626666667 0)
(0.048 1.626666667 0)
(0.05 1.626666667 0)
(0 1.653333333 0)
(0.002 1.653333333 0)
(0.004 1.653333333 0)
(0.006 1.653333333 0)
(0.008 1.653333333 0)
(0.01 1.653333333 0)
(0.012 1.653333333 0)
(0.014 1.653333333 0)
(0.016 1.653333333 0)
(0.018 1.653333333 0)
(0.02 1.653333333 0)
(0.022 1.653333333 0)
(0.024 1.653333333 0)
(0.026 1.653333333 0)
(0.028 1.653333333 0)
(0.03 1.653333333 0)
(0.032 1.653333333 0)
(0.034 1.653333333 0)
(0.036 1.653333333 0)
(0.038 1.653333333 0)
(0.04 1.653333333 0)
(0.042 1.653333333 0)
(0.044 1.653333333 0)
(0.046 1.653333333 0)
(0.048 1.653333333 0)
(0.05 1.653333333 0)
(0 1.68 0)
(0.002 1.68 0)
(0.004 1.68 0)
(0.006 1.68 0)
(0.008 1.68 0)
(0.01 1.68 0)
(0.012 1.68 0)
(0.014 1.68 0)
(0.016 1.68 0)
(0.018 1.68 0)
(0.02 1.68 0)
(0.022 1.68 0)
(0.024 1.68 0)
(0.026 1.68 0)
(0.028 1.68 0)
(0.03 1.68 0)
(0.032 1.68 0)
(0.034 1.68 0)
(0.036 1.68 0)
(0.038 1.68 0)
(0.04 1.68 0)
(0.042 1.68 0)
(0.044 1.68 0)
(0.046 1.68 0)
(0.048 1.68 0)
(0.05 1.68 0)
(0 1.706666667 0)
(0.002 1.706666667 0)
(0.004 1.706666667 0)
(0.006 1.706666667 0)
(0.008 1.706666667 0)
(0.01 1.706666667 0)
(0.012 1.706666667 0)
(0.014 1.706666667 0)
(0.016 1.706666667 0)
(0.018 1.706666667 0)
(0.02 1.706666667 0)
(0.022 1.706666667 0)
(0.024 1.706666667 0)
(0.026 1.706666667 0)
(0.028 1.706666667 0)
(0.03 1.706666667 0)
(0.032 1.706666667 0)
(0.034 1.706666667 0)
(0.036 1.706666667 0)
(0.038 1.706666667 0)
(0.04 1.706666667 0)
(0.042 1.706666667 0)
(0.044 1.706666667 0)
(0.046 1.706666667 0)
(0.048 1.706666667 0)
(0.05 1.706666667 0)
(0 1.733333333 0)
(0.002 1.733333333 0)
(0.004 1.733333333 0)
(0.006 1.733333333 0)
(0.008 1.733333333 0)
(0.01 1.733333333 0)
(0.012 1.733333333 0)
(0.014 1.733333333 0)
(0.016 1.733333333 0)
(0.018 1.733333333 0)
(0.02 1.733333333 0)
(0.022 1.733333333 0)
(0.024 1.733333333 0)
(0.026 1.733333333 0)
(0.028 1.733333333 0)
(0.03 1.733333333 0)
(0.032 1.733333333 0)
(0.034 1.733333333 0)
(0.036 1.733333333 0)
(0.038 1.733333333 0)
(0.04 1.733333333 0)
(0.042 1.733333333 0)
(0.044 1.733333333 0)
(0.046 1.733333333 0)
(0.048 1.733333333 0)
(0.05 1.733333333 0)
(0 1.76 0)
(0.002 1.76 0)
(0.004 1.76 0)
(0.006 1.76 0)
(0.008 1.76 0)
(0.01 1.76 0)
(0.012 1.76 0)
(0.014 1.76 0)
(0.016 1.76 0)
(0.018 1.76 0)
(0.02 1.76 0)
(0.022 1.76 0)
(0.024 1.76 0)
(0.026 1.76 0)
(0.028 1.76 0)
(0.03 1.76 0)
(0.032 1.76 0)
(0.034 1.76 0)
(0.036 1.76 0)
(0.038 1.76 0)
(0.04 1.76 0)
(0.042 1.76 0)
(0.044 1.76 0)
(0.046 1.76 0)
(0.048 1.76 0)
(0.05 1.76 0)
(0 1.786666667 0)
(0.002 1.786666667 0)
(0.004 1.786666667 0)
(0.006 1.786666667 0)
(0.008 1.786666667 0)
(0.01 1.786666667 0)
(0.012 1.786666667 0)
(0.014 1.786666667 0)
(0.016 1.786666667 0)
(0.018 1.786666667 0)
(0.02 1.786666667 0)
(0.022 1.786666667 0)
(0.024 1.786666667 0)
(0.026 1.786666667 0)
(0.028 1.786666667 0)
(0.03 1.786666667 0)
(0.032 1.786666667 0)
(0.034 1.786666667 0)
(0.036 1.786666667 0)
(0.038 1.786666667 0)
(0.04 1.786666667 0)
(0.042 1.786666667 0)
(0.044 1.786666667 0)
(0.046 1.786666667 0)
(0.048 1.786666667 0)
(0.05 1.786666667 0)
(0 1.813333333 0)
(0.002 1.813333333 0)
(0.004 1.813333333 0)
(0.006 1.813333333 0)
(0.008 1.813333333 0)
(0.01 1.813333333 0)
(0.012 1.813333333 0)
(0.014 1.813333333 0)
(0.016 1.813333333 0)
(0.018 1.813333333 0)
(0.02 1.813333333 0)
(0.022 1.813333333 0)
(0.024 1.813333333 0)
(0.026 1.813333333 0)
(0.028 1.813333333 0)
(0.03 1.813333333 0)
(0.032 1.813333333 0)
(0.034 1.813333333 0)
(0.036 1.813333333 0)
(0.038 1.813333333 0)
(0.04 1.813333333 0)
(0.042 1.813333333 0)
(0.044 1.813333333 0)
(0.046 1.813333333 0)
(0.048 1.813333333 0)
(0.05 1.813333333 0)
(0 1.84 0)
(0.002 1.84 0)
(0.004 1.84 0)
(0.006 1.84 0)
(0.008 1.84 0)
(0.01 1.84 0)
(0.012 1.84 0)
(0.014 1.84 0)
(0.016 1.84 0)
(0.018 1.84 0)
(0.02 1.84 0)
(0.022 1.84 0)
(0.024 1.84 0)
(0.026 1.84 0)
(0.028 1.84 0)
(0.03 1.84 0)
(0.032 1.84 0)
(0.034 1.84 0)
(0.036 1.84 0)
(0.038 1.84 0)
(0.04 1.84 0)
(0.042 1.84 0)
(0.044 1.84 0)
(0.046 1.84 0)
(0.048 1.84 0)
(0.05 1.84 0)
(0 1.866666667 0)
(0.002 1.866666667 0)
(0.004 1.866666667 0)
(0.006 1.866666667 0)
(0.008 1.866666667 0)
(0.01 1.866666667 0)
(0.012 1.866666667 0)
(0.014 1.866666667 0)
(0.016 1.866666667 0)
(0.018 1.866666667 0)
(0.02 1.866666667 0)
(0.022 1.866666667 0)
(0.024 1.866666667 0)
(0.026 1.866666667 0)
(0.028 1.866666667 0)
(0.03 1.866666667 0)
(0.032 1.866666667 0)
(0.034 1.866666667 0)
(0.036 1.866666667 0)
(0.038 1.866666667 0)
(0.04 1.866666667 0)
(0.042 1.866666667 0)
(0.044 1.866666667 0)
(0.046 1.866666667 0)
(0.048 1.866666667 0)
(0.05 1.866666667 0)
(0 1.893333333 0)
(0.002 1.893333333 0)
(0.004 1.893333333 0)
(0.006 1.893333333 0)
(0.008 1.893333333 0)
(0.01 1.893333333 0)
(0.012 1.893333333 0)
(0.014 1.893333333 0)
(0.016 1.893333333 0)
(0.018 1.893333333 0)
(0.02 1.893333333 0)
(0.022 1.893333333 0)
(0.024 1.893333333 0)
(0.026 1.893333333 0)
(0.028 1.893333333 0)
(0.03 1.893333333 0)
(0.032 1.893333333 0)
(0.034 1.893333333 0)
(0.036 1.893333333 0)
(0.038 1.893333333 0)
(0.04 1.893333333 0)
(0.042 1.893333333 0)
(0.044 1.893333333 0)
(0.046 1.893333333 0)
(0.048 1.893333333 0)
(0.05 1.893333333 0)
(0 1.92 0)
(0.002 1.92 0)
(0.004 1.92 0)
(0.006 1.92 0)
(0.008 1.92 0)
(0.01 1.92 0)
(0.012 1.92 0)
(0.014 1.92 0)
(0.016 1.92 0)
(0.018 1.92 0)
(0.02 1.92 0)
(0.022 1.92 0)
(0.024 1.92 0)
(0.026 1.92 0)
(0.028 1.92 0)
(0.03 1.92 0)
(0.032 1.92 0)
(0.034 1.92 0)
(0.036 1.92 0)
(0.038 1.92 0)
(0.04 1.92 0)
(0.042 1.92 0)
(0.044 1.92 0)
(0.046 1.92 0)
(0.048 1.92 0)
(0.05 1.92 0)
(0 1.946666667 0)
(0.002 1.946666667 0)
(0.004 1.946666667 0)
(0.006 1.946666667 0)
(0.008 1.946666667 0)
(0.01 1.946666667 0)
(0.012 1.946666667 0)
(0.014 1.946666667 0)
(0.016 1.946666667 0)
(0.018 1.946666667 0)
(0.02 1.946666667 0)
(0.022 1.946666667 0)
(0.024 1.946666667 0)
(0.026 1.946666667 0)
(0.028 1.946666667 0)
(0.03 1.946666667 0)
(0.032 1.946666667 0)
(0.034 1.946666667 0)
(0.036 1.946666667 0)
(0.038 1.946666667 0)
(0.04 1.946666667 0)
(0.042 1.946666667 0)
(0.044 1.946666667 0)
(0.046 1.946666667 0)
(0.048 1.946666667 0)
(0.05 1.946666667 0)
(0 1.973333333 0)
(0.002 1.973333333 0)
(0.004 1.973333333 0)
(0.006 1.973333333 0)
(0.008 1.973333333 0)
(0.01 1.973333333 0)
(0.012 1.973333333 0)
(0.014 1.973333333 0)
(0.016 1.973333333 0)
(0.018 1.973333333 0)
(0.02 1.973333333 0)
(0.022 1.973333333 0)
(0.024 1.973333333 0)
(0.026 1.973333333 0)
(0.028 1.973333333 0)
(0.03 1.973333333 0)
(0.032 1.973333333 0)
(0.034 1.973333333 0)
(0.036 1.973333333 0)
(0.038 1.973333333 0)
(0.04 1.973333333 0)
(0.042 1.973333333 0)
(0.044 1.973333333 0)
(0.046 1.973333333 0)
(0.048 1.973333333 0)
(0.05 1.973333333 0)
(0 2 0)
(0.002 2 0)
(0.004 2 0)
(0.006 2 0)
(0.008 2 0)
(0.01 2 0)
(0.012 2 0)
(0.014 2 0)
(0.016 2 0)
(0.018 2 0)
(0.02 2 0)
(0.022 2 0)
(0.024 2 0)
(0.026 2 0)
(0.028 2 0)
(0.03 2 0)
(0.032 2 0)
(0.034 2 0)
(0.036 2 0)
(0.038 2 0)
(0.04 2 0)
(0.042 2 0)
(0.044 2 0)
(0.046 2 0)
(0.048 2 0)
(0.05 2 0)
(0 0 0.1)
(0.002 0 0.1)
(0.004 0 0.1)
(0.006 0 0.1)
(0.008 0 0.1)
(0.01 0 0.1)
(0.012 0 0.1)
(0.014 0 0.1)
(0.016 0 0.1)
(0.018 0 0.1)
(0.02 0 0.1)
(0.022 0 0.1)
(0.024 0 0.1)
(0.026 0 0.1)
(0.028 0 0.1)
(0.03 0 0.1)
(0.032 0 0.1)
(0.034 0 0.1)
(0.036 0 0.1)
(0.038 0 0.1)
(0.04 0 0.1)
(0.042 0 0.1)
(0.044 0 0.1)
(0.046 0 0.1)
(0.048 0 0.1)
(0.05 0 0.1)
(0 0.02666666667 0.1)
(0.002 0.02666666667 0.1)
(0.004 0.02666666667 0.1)
(0.006 0.02666666667 0.1)
(0.008 0.02666666667 0.1)
(0.01 0.02666666667 0.1)
(0.012 0.02666666667 0.1)
(0.014 0.02666666667 0.1)
(0.016 0.02666666667 0.1)
(0.018 0.02666666667 0.1)
(0.02 0.02666666667 0.1)
(0.022 0.02666666667 0.1)
(0.024 0.02666666667 0.1)
(0.026 0.02666666667 0.1)
(0.028 0.02666666667 0.1)
(0.03 0.02666666667 0.1)
(0.032 0.02666666667 0.1)
(0.034 0.02666666667 0.1)
(0.036 0.02666666667 0.1)
(0.038 0.02666666667 0.1)
(0.04 0.02666666667 0.1)
(0.042 0.02666666667 0.1)
(0.044 0.02666666667 0.1)
(0.046 0.02666666667 0.1)
(0.048 0.02666666667 0.1)
(0.05 0.02666666667 0.1)
(0 0.05333333333 0.1)
(0.002 0.05333333333 0.1)
(0.004 0.05333333333 0.1)
(0.006 0.05333333333 0.1)
(0.008 0.05333333333 0.1)
(0.01 0.05333333333 0.1)
(0.012 0.05333333333 0.1)
(0.014 0.05333333333 0.1)
(0.016 0.05333333333 0.1)
(0.018 0.05333333333 0.1)
(0.02 0.05333333333 0.1)
(0.022 0.05333333333 0.1)
(0.024 0.05333333333 0.1)
(0.026 0.05333333333 0.1)
(0.028 0.05333333333 0.1)
(0.03 0.05333333333 0.1)
(0.032 0.05333333333 0.1)
(0.034 0.05333333333 0.1)
(0.036 0.05333333333 0.1)
(0.038 0.05333333333 0.1)
(0.04 0.05333333333 0.1)
(0.042 0.05333333333 0.1)
(0.044 0.05333333333 0.1)
(0.046 0.05333333333 0.1)
(0.048 0.05333333333 0.1)
(0.05 0.05333333333 0.1)
(0 0.08 0.1)
(0.002 0.08 0.1)
(0.004 0.08 0.1)
(0.006 0.08 0.1)
(0.008 0.08 0.1)
(0.01 0.08 0.1)
(0.012 0.08 0.1)
(0.014 0.08 0.1)
(0.016 0.08 0.1)
(0.018 0.08 0.1)
(0.02 0.08 0.1)
(0.022 0.08 0.1)
(0.024 0.08 0.1)
(0.026 0.08 0.1)
(0.028 0.08 0.1)
(0.03 0.08 0.1)
(0.032 0.08 0.1)
(0.034 0.08 0.1)
(0.036 0.08 0.1)
(0.038 0.08 0.1)
(0.04 0.08 0.1)
(0.042 0.08 0.1)
(0.044 0.08 0.1)
(0.046 0.08 0.1)
(0.048 0.08 0.1)
(0.05 0.08 0.1)
(0 0.1066666667 0.1)
(0.002 0.1066666667 0.1)
(0.004 0.1066666667 0.1)
(0.006 0.1066666667 0.1)
(0.008 0.1066666667 0.1)
(0.01 0.1066666667 0.1)
(0.012 0.1066666667 0.1)
(0.014 0.1066666667 0.1)
(0.016 0.1066666667 0.1)
(0.018 0.1066666667 0.1)
(0.02 0.1066666667 0.1)
(0.022 0.1066666667 0.1)
(0.024 0.1066666667 0.1)
(0.026 0.1066666667 0.1)
(0.028 0.1066666667 0.1)
(0.03 0.1066666667 0.1)
(0.032 0.1066666667 0.1)
(0.034 0.1066666667 0.1)
(0.036 0.1066666667 0.1)
(0.038 0.1066666667 0.1)
(0.04 0.1066666667 0.1)
(0.042 0.1066666667 0.1)
(0.044 0.1066666667 0.1)
(0.046 0.1066666667 0.1)
(0.048 0.1066666667 0.1)
(0.05 0.1066666667 0.1)
(0 0.1333333333 0.1)
(0.002 0.1333333333 0.1)
(0.004 0.1333333333 0.1)
(0.006 0.1333333333 0.1)
(0.008 0.1333333333 0.1)
(0.01 0.1333333333 0.1)
(0.012 0.1333333333 0.1)
(0.014 0.1333333333 0.1)
(0.016 0.1333333333 0.1)
(0.018 0.1333333333 0.1)
(0.02 0.1333333333 0.1)
(0.022 0.1333333333 0.1)
(0.024 0.1333333333 0.1)
(0.026 0.1333333333 0.1)
(0.028 0.1333333333 0.1)
(0.03 0.1333333333 0.1)
(0.032 0.1333333333 0.1)
(0.034 0.1333333333 0.1)
(0.036 0.1333333333 0.1)
(0.038 0.1333333333 0.1)
(0.04 0.1333333333 0.1)
(0.042 0.1333333333 0.1)
(0.044 0.1333333333 0.1)
(0.046 0.1333333333 0.1)
(0.048 0.1333333333 0.1)
(0.05 0.1333333333 0.1)
(0 0.16 0.1)
(0.002 0.16 0.1)
(0.004 0.16 0.1)
(0.006 0.16 0.1)
(0.008 0.16 0.1)
(0.01 0.16 0.1)
(0.012 0.16 0.1)
(0.014 0.16 0.1)
(0.016 0.16 0.1)
(0.018 0.16 0.1)
(0.02 0.16 0.1)
(0.022 0.16 0.1)
(0.024 0.16 0.1)
(0.026 0.16 0.1)
(0.028 0.16 0.1)
(0.03 0.16 0.1)
(0.032 0.16 0.1)
(0.034 0.16 0.1)
(0.036 0.16 0.1)
(0.038 0.16 0.1)
(0.04 0.16 0.1)
(0.042 0.16 0.1)
(0.044 0.16 0.1)
(0.046 0.16 0.1)
(0.048 0.16 0.1)
(0.05 0.16 0.1)
(0 0.1866666667 0.1)
(0.002 0.1866666667 0.1)
(0.004 0.1866666667 0.1)
(0.006 0.1866666667 0.1)
(0.008 0.1866666667 0.1)
(0.01 0.1866666667 0.1)
(0.012 0.1866666667 0.1)
(0.014 0.1866666667 0.1)
(0.016 0.1866666667 0.1)
(0.018 0.1866666667 0.1)
(0.02 0.1866666667 0.1)
(0.022 0.1866666667 0.1)
(0.024 0.1866666667 0.1)
(0.026 0.1866666667 0.1)
(0.028 0.1866666667 0.1)
(0.03 0.1866666667 0.1)
(0.032 0.1866666667 0.1)
(0.034 0.1866666667 0.1)
(0.036 0.1866666667 0.1)
(0.038 0.1866666667 0.1)
(0.04 0.1866666667 0.1)
(0.042 0.1866666667 0.1)
(0.044 0.1866666667 0.1)
(0.046 0.1866666667 0.1)
(0.048 0.1866666667 0.1)
(0.05 0.1866666667 0.1)
(0 0.2133333333 0.1)
(0.002 0.2133333333 0.1)
(0.004 0.2133333333 0.1)
(0.006 0.2133333333 0.1)
(0.008 0.2133333333 0.1)
(0.01 0.2133333333 0.1)
(0.012 0.2133333333 0.1)
(0.014 0.2133333333 0.1)
(0.016 0.2133333333 0.1)
(0.018 0.2133333333 0.1)
(0.02 0.2133333333 0.1)
(0.022 0.2133333333 0.1)
(0.024 0.2133333333 0.1)
(0.026 0.2133333333 0.1)
(0.028 0.2133333333 0.1)
(0.03 0.2133333333 0.1)
(0.032 0.2133333333 0.1)
(0.034 0.2133333333 0.1)
(0.036 0.2133333333 0.1)
(0.038 0.2133333333 0.1)
(0.04 0.2133333333 0.1)
(0.042 0.2133333333 0.1)
(0.044 0.2133333333 0.1)
(0.046 0.2133333333 0.1)
(0.048 0.2133333333 0.1)
(0.05 0.2133333333 0.1)
(0 0.24 0.1)
(0.002 0.24 0.1)
(0.004 0.24 0.1)
(0.006 0.24 0.1)
(0.008 0.24 0.1)
(0.01 0.24 0.1)
(0.012 0.24 0.1)
(0.014 0.24 0.1)
(0.016 0.24 0.1)
(0.018 0.24 0.1)
(0.02 0.24 0.1)
(0.022 0.24 0.1)
(0.024 0.24 0.1)
(0.026 0.24 0.1)
(0.028 0.24 0.1)
(0.03 0.24 0.1)
(0.032 0.24 0.1)
(0.034 0.24 0.1)
(0.036 0.24 0.1)
(0.038 0.24 0.1)
(0.04 0.24 0.1)
(0.042 0.24 0.1)
(0.044 0.24 0.1)
(0.046 0.24 0.1)
(0.048 0.24 0.1)
(0.05 0.24 0.1)
(0 0.2666666667 0.1)
(0.002 0.2666666667 0.1)
(0.004 0.2666666667 0.1)
(0.006 0.2666666667 0.1)
(0.008 0.2666666667 0.1)
(0.01 0.2666666667 0.1)
(0.012 0.2666666667 0.1)
(0.014 0.2666666667 0.1)
(0.016 0.2666666667 0.1)
(0.018 0.2666666667 0.1)
(0.02 0.2666666667 0.1)
(0.022 0.2666666667 0.1)
(0.024 0.2666666667 0.1)
(0.026 0.2666666667 0.1)
(0.028 0.2666666667 0.1)
(0.03 0.2666666667 0.1)
(0.032 0.2666666667 0.1)
(0.034 0.2666666667 0.1)
(0.036 0.2666666667 0.1)
(0.038 0.2666666667 0.1)
(0.04 0.2666666667 0.1)
(0.042 0.2666666667 0.1)
(0.044 0.2666666667 0.1)
(0.046 0.2666666667 0.1)
(0.048 0.2666666667 0.1)
(0.05 0.2666666667 0.1)
(0 0.2933333333 0.1)
(0.002 0.2933333333 0.1)
(0.004 0.2933333333 0.1)
(0.006 0.2933333333 0.1)
(0.008 0.2933333333 0.1)
(0.01 0.2933333333 0.1)
(0.012 0.2933333333 0.1)
(0.014 0.2933333333 0.1)
(0.016 0.2933333333 0.1)
(0.018 0.2933333333 0.1)
(0.02 0.2933333333 0.1)
(0.022 0.2933333333 0.1)
(0.024 0.2933333333 0.1)
(0.026 0.2933333333 0.1)
(0.028 0.2933333333 0.1)
(0.03 0.2933333333 0.1)
(0.032 0.2933333333 0.1)
(0.034 0.2933333333 0.1)
(0.036 0.2933333333 0.1)
(0.038 0.2933333333 0.1)
(0.04 0.2933333333 0.1)
(0.042 0.2933333333 0.1)
(0.044 0.2933333333 0.1)
(0.046 0.2933333333 0.1)
(0.048 0.2933333333 0.1)
(0.05 0.2933333333 0.1)
(0 0.32 0.1)
(0.002 0.32 0.1)
(0.004 0.32 0.1)
(0.006 0.32 0.1)
(0.008 0.32 0.1)
(0.01 0.32 0.1)
(0.012 0.32 0.1)
(0.014 0.32 0.1)
(0.016 0.32 0.1)
(0.018 0.32 0.1)
(0.02 0.32 0.1)
(0.022 0.32 0.1)
(0.024 0.32 0.1)
(0.026 0.32 0.1)
(0.028 0.32 0.1)
(0.03 0.32 0.1)
(0.032 0.32 0.1)
(0.034 0.32 0.1)
(0.036 0.32 0.1)
(0.038 0.32 0.1)
(0.04 0.32 0.1)
(0.042 0.32 0.1)
(0.044 0.32 0.1)
(0.046 0.32 0.1)
(0.048 0.32 0.1)
(0.05 0.32 0.1)
(0 0.3466666667 0.1)
(0.002 0.3466666667 0.1)
(0.004 0.3466666667 0.1)
(0.006 0.3466666667 0.1)
(0.008 0.3466666667 0.1)
(0.01 0.3466666667 0.1)
(0.012 0.3466666667 0.1)
(0.014 0.3466666667 0.1)
(0.016 0.3466666667 0.1)
(0.018 0.3466666667 0.1)
(0.02 0.3466666667 0.1)
(0.022 0.3466666667 0.1)
(0.024 0.3466666667 0.1)
(0.026 0.3466666667 0.1)
(0.028 0.3466666667 0.1)
(0.03 0.3466666667 0.1)
(0.032 0.3466666667 0.1)
(0.034 0.3466666667 0.1)
(0.036 0.3466666667 0.1)
(0.038 0.3466666667 0.1)
(0.04 0.3466666667 0.1)
(0.042 0.3466666667 0.1)
(0.044 0.3466666667 0.1)
(0.046 0.3466666667 0.1)
(0.048 0.3466666667 0.1)
(0.05 0.3466666667 0.1)
(0 0.3733333333 0.1)
(0.002 0.3733333333 0.1)
(0.004 0.3733333333 0.1)
(0.006 0.3733333333 0.1)
(0.008 0.3733333333 0.1)
(0.01 0.3733333333 0.1)
(0.012 0.3733333333 0.1)
(0.014 0.3733333333 0.1)
(0.016 0.3733333333 0.1)
(0.018 0.3733333333 0.1)
(0.02 0.3733333333 0.1)
(0.022 0.3733333333 0.1)
(0.024 0.3733333333 0.1)
(0.026 0.3733333333 0.1)
(0.028 0.3733333333 0.1)
(0.03 0.3733333333 0.1)
(0.032 0.3733333333 0.1)
(0.034 0.3733333333 0.1)
(0.036 0.3733333333 0.1)
(0.038 0.3733333333 0.1)
(0.04 0.3733333333 0.1)
(0.042 0.3733333333 0.1)
(0.044 0.3733333333 0.1)
(0.046 0.3733333333 0.1)
(0.048 0.3733333333 0.1)
(0.05 0.3733333333 0.1)
(0 0.4 0.1)
(0.002 0.4 0.1)
(0.004 0.4 0.1)
(0.006 0.4 0.1)
(0.008 0.4 0.1)
(0.01 0.4 0.1)
(0.012 0.4 0.1)
(0.014 0.4 0.1)
(0.016 0.4 0.1)
(0.018 0.4 0.1)
(0.02 0.4 0.1)
(0.022 0.4 0.1)
(0.024 0.4 0.1)
(0.026 0.4 0.1)
(0.028 0.4 0.1)
(0.03 0.4 0.1)
(0.032 0.4 0.1)
(0.034 0.4 0.1)
(0.036 0.4 0.1)
(0.038 0.4 0.1)
(0.04 0.4 0.1)
(0.042 0.4 0.1)
(0.044 0.4 0.1)
(0.046 0.4 0.1)
(0.048 0.4 0.1)
(0.05 0.4 0.1)
(0 0.4266666667 0.1)
(0.002 0.4266666667 0.1)
(0.004 0.4266666667 0.1)
(0.006 0.4266666667 0.1)
(0.008 0.4266666667 0.1)
(0.01 0.4266666667 0.1)
(0.012 0.4266666667 0.1)
(0.014 0.4266666667 0.1)
(0.016 0.4266666667 0.1)
(0.018 0.4266666667 0.1)
(0.02 0.4266666667 0.1)
(0.022 0.4266666667 0.1)
(0.024 0.4266666667 0.1)
(0.026 0.4266666667 0.1)
(0.028 0.4266666667 0.1)
(0.03 0.4266666667 0.1)
(0.032 0.4266666667 0.1)
(0.034 0.4266666667 0.1)
(0.036 0.4266666667 0.1)
(0.038 0.4266666667 0.1)
(0.04 0.4266666667 0.1)
(0.042 0.4266666667 0.1)
(0.044 0.4266666667 0.1)
(0.046 0.4266666667 0.1)
(0.048 0.4266666667 0.1)
(0.05 0.4266666667 0.1)
(0 0.4533333333 0.1)
(0.002 0.4533333333 0.1)
(0.004 0.4533333333 0.1)
(0.006 0.4533333333 0.1)
(0.008 0.4533333333 0.1)
(0.01 0.4533333333 0.1)
(0.012 0.4533333333 0.1)
(0.014 0.4533333333 0.1)
(0.016 0.4533333333 0.1)
(0.018 0.4533333333 0.1)
(0.02 0.4533333333 0.1)
(0.022 0.4533333333 0.1)
(0.024 0.4533333333 0.1)
(0.026 0.4533333333 0.1)
(0.028 0.4533333333 0.1)
(0.03 0.4533333333 0.1)
(0.032 0.4533333333 0.1)
(0.034 0.4533333333 0.1)
(0.036 0.4533333333 0.1)
(0.038 0.4533333333 0.1)
(0.04 0.4533333333 0.1)
(0.042 0.4533333333 0.1)
(0.044 0.4533333333 0.1)
(0.046 0.4533333333 0.1)
(0.048 0.4533333333 0.1)
(0.05 0.4533333333 0.1)
(0 0.48 0.1)
(0.002 0.48 0.1)
(0.004 0.48 0.1)
(0.006 0.48 0.1)
(0.008 0.48 0.1)
(0.01 0.48 0.1)
(0.012 0.48 0.1)
(0.014 0.48 0.1)
(0.016 0.48 0.1)
(0.018 0.48 0.1)
(0.02 0.48 0.1)
(0.022 0.48 0.1)
(0.024 0.48 0.1)
(0.026 0.48 0.1)
(0.028 0.48 0.1)
(0.03 0.48 0.1)
(0.032 0.48 0.1)
(0.034 0.48 0.1)
(0.036 0.48 0.1)
(0.038 0.48 0.1)
(0.04 0.48 0.1)
(0.042 0.48 0.1)
(0.044 0.48 0.1)
(0.046 0.48 0.1)
(0.048 0.48 0.1)
(0.05 0.48 0.1)
(0 0.5066666667 0.1)
(0.002 0.5066666667 0.1)
(0.004 0.5066666667 0.1)
(0.006 0.5066666667 0.1)
(0.008 0.5066666667 0.1)
(0.01 0.5066666667 0.1)
(0.012 0.5066666667 0.1)
(0.014 0.5066666667 0.1)
(0.016 0.5066666667 0.1)
(0.018 0.5066666667 0.1)
(0.02 0.5066666667 0.1)
(0.022 0.5066666667 0.1)
(0.024 0.5066666667 0.1)
(0.026 0.5066666667 0.1)
(0.028 0.5066666667 0.1)
(0.03 0.5066666667 0.1)
(0.032 0.5066666667 0.1)
(0.034 0.5066666667 0.1)
(0.036 0.5066666667 0.1)
(0.038 0.5066666667 0.1)
(0.04 0.5066666667 0.1)
(0.042 0.5066666667 0.1)
(0.044 0.5066666667 0.1)
(0.046 0.5066666667 0.1)
(0.048 0.5066666667 0.1)
(0.05 0.5066666667 0.1)
(0 0.5333333333 0.1)
(0.002 0.5333333333 0.1)
(0.004 0.5333333333 0.1)
(0.006 0.5333333333 0.1)
(0.008 0.5333333333 0.1)
(0.01 0.5333333333 0.1)
(0.012 0.5333333333 0.1)
(0.014 0.5333333333 0.1)
(0.016 0.5333333333 0.1)
(0.018 0.5333333333 0.1)
(0.02 0.5333333333 0.1)
(0.022 0.5333333333 0.1)
(0.024 0.5333333333 0.1)
(0.026 0.5333333333 0.1)
(0.028 0.5333333333 0.1)
(0.03 0.5333333333 0.1)
(0.032 0.5333333333 0.1)
(0.034 0.5333333333 0.1)
(0.036 0.5333333333 0.1)
(0.038 0.5333333333 0.1)
(0.04 0.5333333333 0.1)
(0.042 0.5333333333 0.1)
(0.044 0.5333333333 0.1)
(0.046 0.5333333333 0.1)
(0.048 0.5333333333 0.1)
(0.05 0.5333333333 0.1)
(0 0.56 0.1)
(0.002 0.56 0.1)
(0.004 0.56 0.1)
(0.006 0.56 0.1)
(0.008 0.56 0.1)
(0.01 0.56 0.1)
(0.012 0.56 0.1)
(0.014 0.56 0.1)
(0.016 0.56 0.1)
(0.018 0.56 0.1)
(0.02 0.56 0.1)
(0.022 0.56 0.1)
(0.024 0.56 0.1)
(0.026 0.56 0.1)
(0.028 0.56 0.1)
(0.03 0.56 0.1)
(0.032 0.56 0.1)
(0.034 0.56 0.1)
(0.036 0.56 0.1)
(0.038 0.56 0.1)
(0.04 0.56 0.1)
(0.042 0.56 0.1)
(0.044 0.56 0.1)
(0.046 0.56 0.1)
(0.048 0.56 0.1)
(0.05 0.56 0.1)
(0 0.5866666667 0.1)
(0.002 0.5866666667 0.1)
(0.004 0.5866666667 0.1)
(0.006 0.5866666667 0.1)
(0.008 0.5866666667 0.1)
(0.01 0.5866666667 0.1)
(0.012 0.5866666667 0.1)
(0.014 0.5866666667 0.1)
(0.016 0.5866666667 0.1)
(0.018 0.5866666667 0.1)
(0.02 0.5866666667 0.1)
(0.022 0.5866666667 0.1)
(0.024 0.5866666667 0.1)
(0.026 0.5866666667 0.1)
(0.028 0.5866666667 0.1)
(0.03 0.5866666667 0.1)
(0.032 0.5866666667 0.1)
(0.034 0.5866666667 0.1)
(0.036 0.5866666667 0.1)
(0.038 0.5866666667 0.1)
(0.04 0.5866666667 0.1)
(0.042 0.5866666667 0.1)
(0.044 0.5866666667 0.1)
(0.046 0.5866666667 0.1)
(0.048 0.5866666667 0.1)
(0.05 0.5866666667 0.1)
(0 0.6133333333 0.1)
(0.002 0.6133333333 0.1)
(0.004 0.6133333333 0.1)
(0.006 0.6133333333 0.1)
(0.008 0.6133333333 0.1)
(0.01 0.6133333333 0.1)
(0.012 0.6133333333 0.1)
(0.014 0.6133333333 0.1)
(0.016 0.6133333333 0.1)
(0.018 0.6133333333 0.1)
(0.02 0.6133333333 0.1)
(0.022 0.6133333333 0.1)
(0.024 0.6133333333 0.1)
(0.026 0.6133333333 0.1)
(0.028 0.6133333333 0.1)
(0.03 0.6133333333 0.1)
(0.032 0.6133333333 0.1)
(0.034 0.6133333333 0.1)
(0.036 0.6133333333 0.1)
(0.038 0.6133333333 0.1)
(0.04 0.6133333333 0.1)
(0.042 0.6133333333 0.1)
(0.044 0.6133333333 0.1)
(0.046 0.6133333333 0.1)
(0.048 0.6133333333 0.1)
(0.05 0.6133333333 0.1)
(0 0.64 0.1)
(0.002 0.64 0.1)
(0.004 0.64 0.1)
(0.006 0.64 0.1)
(0.008 0.64 0.1)
(0.01 0.64 0.1)
(0.012 0.64 0.1)
(0.014 0.64 0.1)
(0.016 0.64 0.1)
(0.018 0.64 0.1)
(0.02 0.64 0.1)
(0.022 0.64 0.1)
(0.024 0.64 0.1)
(0.026 0.64 0.1)
(0.028 0.64 0.1)
(0.03 0.64 0.1)
(0.032 0.64 0.1)
(0.034 0.64 0.1)
(0.036 0.64 0.1)
(0.038 0.64 0.1)
(0.04 0.64 0.1)
(0.042 0.64 0.1)
(0.044 0.64 0.1)
(0.046 0.64 0.1)
(0.048 0.64 0.1)
(0.05 0.64 0.1)
(0 0.6666666667 0.1)
(0.002 0.6666666667 0.1)
(0.004 0.6666666667 0.1)
(0.006 0.6666666667 0.1)
(0.008 0.6666666667 0.1)
(0.01 0.6666666667 0.1)
(0.012 0.6666666667 0.1)
(0.014 0.6666666667 0.1)
(0.016 0.6666666667 0.1)
(0.018 0.6666666667 0.1)
(0.02 0.6666666667 0.1)
(0.022 0.6666666667 0.1)
(0.024 0.6666666667 0.1)
(0.026 0.6666666667 0.1)
(0.028 0.6666666667 0.1)
(0.03 0.6666666667 0.1)
(0.032 0.6666666667 0.1)
(0.034 0.6666666667 0.1)
(0.036 0.6666666667 0.1)
(0.038 0.6666666667 0.1)
(0.04 0.6666666667 0.1)
(0.042 0.6666666667 0.1)
(0.044 0.6666666667 0.1)
(0.046 0.6666666667 0.1)
(0.048 0.6666666667 0.1)
(0.05 0.6666666667 0.1)
(0 0.6933333333 0.1)
(0.002 0.6933333333 0.1)
(0.004 0.6933333333 0.1)
(0.006 0.6933333333 0.1)
(0.008 0.6933333333 0.1)
(0.01 0.6933333333 0.1)
(0.012 0.6933333333 0.1)
(0.014 0.6933333333 0.1)
(0.016 0.6933333333 0.1)
(0.018 0.6933333333 0.1)
(0.02 0.6933333333 0.1)
(0.022 0.6933333333 0.1)
(0.024 0.6933333333 0.1)
(0.026 0.6933333333 0.1)
(0.028 0.6933333333 0.1)
(0.03 0.6933333333 0.1)
(0.032 0.6933333333 0.1)
(0.034 0.6933333333 0.1)
(0.036 0.6933333333 0.1)
(0.038 0.6933333333 0.1)
(0.04 0.6933333333 0.1)
(0.042 0.6933333333 0.1)
(0.044 0.6933333333 0.1)
(0.046 0.6933333333 0.1)
(0.048 0.6933333333 0.1)
(0.05 0.6933333333 0.1)
(0 0.72 0.1)
(0.002 0.72 0.1)
(0.004 0.72 0.1)
(0.006 0.72 0.1)
(0.008 0.72 0.1)
(0.01 0.72 0.1)
(0.012 0.72 0.1)
(0.014 0.72 0.1)
(0.016 0.72 0.1)
(0.018 0.72 0.1)
(0.02 0.72 0.1)
(0.022 0.72 0.1)
(0.024 0.72 0.1)
(0.026 0.72 0.1)
(0.028 0.72 0.1)
(0.03 0.72 0.1)
(0.032 0.72 0.1)
(0.034 0.72 0.1)
(0.036 0.72 0.1)
(0.038 0.72 0.1)
(0.04 0.72 0.1)
(0.042 0.72 0.1)
(0.044 0.72 0.1)
(0.046 0.72 0.1)
(0.048 0.72 0.1)
(0.05 0.72 0.1)
(0 0.7466666667 0.1)
(0.002 0.7466666667 0.1)
(0.004 0.7466666667 0.1)
(0.006 0.7466666667 0.1)
(0.008 0.7466666667 0.1)
(0.01 0.7466666667 0.1)
(0.012 0.7466666667 0.1)
(0.014 0.7466666667 0.1)
(0.016 0.7466666667 0.1)
(0.018 0.7466666667 0.1)
(0.02 0.7466666667 0.1)
(0.022 0.7466666667 0.1)
(0.024 0.7466666667 0.1)
(0.026 0.7466666667 0.1)
(0.028 0.7466666667 0.1)
(0.03 0.7466666667 0.1)
(0.032 0.7466666667 0.1)
(0.034 0.7466666667 0.1)
(0.036 0.7466666667 0.1)
(0.038 0.7466666667 0.1)
(0.04 0.7466666667 0.1)
(0.042 0.7466666667 0.1)
(0.044 0.7466666667 0.1)
(0.046 0.7466666667 0.1)
(0.048 0.7466666667 0.1)
(0.05 0.7466666667 0.1)
(0 0.7733333333 0.1)
(0.002 0.7733333333 0.1)
(0.004 0.7733333333 0.1)
(0.006 0.7733333333 0.1)
(0.008 0.7733333333 0.1)
(0.01 0.7733333333 0.1)
(0.012 0.7733333333 0.1)
(0.014 0.7733333333 0.1)
(0.016 0.7733333333 0.1)
(0.018 0.7733333333 0.1)
(0.02 0.7733333333 0.1)
(0.022 0.7733333333 0.1)
(0.024 0.7733333333 0.1)
(0.026 0.7733333333 0.1)
(0.028 0.7733333333 0.1)
(0.03 0.7733333333 0.1)
(0.032 0.7733333333 0.1)
(0.034 0.7733333333 0.1)
(0.036 0.7733333333 0.1)
(0.038 0.7733333333 0.1)
(0.04 0.7733333333 0.1)
(0.042 0.7733333333 0.1)
(0.044 0.7733333333 0.1)
(0.046 0.7733333333 0.1)
(0.048 0.7733333333 0.1)
(0.05 0.7733333333 0.1)
(0 0.8 0.1)
(0.002 0.8 0.1)
(0.004 0.8 0.1)
(0.006 0.8 0.1)
(0.008 0.8 0.1)
(0.01 0.8 0.1)
(0.012 0.8 0.1)
(0.014 0.8 0.1)
(0.016 0.8 0.1)
(0.018 0.8 0.1)
(0.02 0.8 0.1)
(0.022 0.8 0.1)
(0.024 0.8 0.1)
(0.026 0.8 0.1)
(0.028 0.8 0.1)
(0.03 0.8 0.1)
(0.032 0.8 0.1)
(0.034 0.8 0.1)
(0.036 0.8 0.1)
(0.038 0.8 0.1)
(0.04 0.8 0.1)
(0.042 0.8 0.1)
(0.044 0.8 0.1)
(0.046 0.8 0.1)
(0.048 0.8 0.1)
(0.05 0.8 0.1)
(0 0.8266666667 0.1)
(0.002 0.8266666667 0.1)
(0.004 0.8266666667 0.1)
(0.006 0.8266666667 0.1)
(0.008 0.8266666667 0.1)
(0.01 0.8266666667 0.1)
(0.012 0.8266666667 0.1)
(0.014 0.8266666667 0.1)
(0.016 0.8266666667 0.1)
(0.018 0.8266666667 0.1)
(0.02 0.8266666667 0.1)
(0.022 0.8266666667 0.1)
(0.024 0.8266666667 0.1)
(0.026 0.8266666667 0.1)
(0.028 0.8266666667 0.1)
(0.03 0.8266666667 0.1)
(0.032 0.8266666667 0.1)
(0.034 0.8266666667 0.1)
(0.036 0.8266666667 0.1)
(0.038 0.8266666667 0.1)
(0.04 0.8266666667 0.1)
(0.042 0.8266666667 0.1)
(0.044 0.8266666667 0.1)
(0.046 0.8266666667 0.1)
(0.048 0.8266666667 0.1)
(0.05 0.8266666667 0.1)
(0 0.8533333333 0.1)
(0.002 0.8533333333 0.1)
(0.004 0.8533333333 0.1)
(0.006 0.8533333333 0.1)
(0.008 0.8533333333 0.1)
(0.01 0.8533333333 0.1)
(0.012 0.8533333333 0.1)
(0.014 0.8533333333 0.1)
(0.016 0.8533333333 0.1)
(0.018 0.8533333333 0.1)
(0.02 0.8533333333 0.1)
(0.022 0.8533333333 0.1)
(0.024 0.8533333333 0.1)
(0.026 0.8533333333 0.1)
(0.028 0.8533333333 0.1)
(0.03 0.8533333333 0.1)
(0.032 0.8533333333 0.1)
(0.034 0.8533333333 0.1)
(0.036 0.8533333333 0.1)
(0.038 0.8533333333 0.1)
(0.04 0.8533333333 0.1)
(0.042 0.8533333333 0.1)
(0.044 0.8533333333 0.1)
(0.046 0.8533333333 0.1)
(0.048 0.8533333333 0.1)
(0.05 0.8533333333 0.1)
(0 0.88 0.1)
(0.002 0.88 0.1)
(0.004 0.88 0.1)
(0.006 0.88 0.1)
(0.008 0.88 0.1)
(0.01 0.88 0.1)
(0.012 0.88 0.1)
(0.014 0.88 0.1)
(0.016 0.88 0.1)
(0.018 0.88 0.1)
(0.02 0.88 0.1)
(0.022 0.88 0.1)
(0.024 0.88 0.1)
(0.026 0.88 0.1)
(0.028 0.88 0.1)
(0.03 0.88 0.1)
(0.032 0.88 0.1)
(0.034 0.88 0.1)
(0.036 0.88 0.1)
(0.038 0.88 0.1)
(0.04 0.88 0.1)
(0.042 0.88 0.1)
(0.044 0.88 0.1)
(0.046 0.88 0.1)
(0.048 0.88 0.1)
(0.05 0.88 0.1)
(0 0.9066666667 0.1)
(0.002 0.9066666667 0.1)
(0.004 0.9066666667 0.1)
(0.006 0.9066666667 0.1)
(0.008 0.9066666667 0.1)
(0.01 0.9066666667 0.1)
(0.012 0.9066666667 0.1)
(0.014 0.9066666667 0.1)
(0.016 0.9066666667 0.1)
(0.018 0.9066666667 0.1)
(0.02 0.9066666667 0.1)
(0.022 0.9066666667 0.1)
(0.024 0.9066666667 0.1)
(0.026 0.9066666667 0.1)
(0.028 0.9066666667 0.1)
(0.03 0.9066666667 0.1)
(0.032 0.9066666667 0.1)
(0.034 0.9066666667 0.1)
(0.036 0.9066666667 0.1)
(0.038 0.9066666667 0.1)
(0.04 0.9066666667 0.1)
(0.042 0.9066666667 0.1)
(0.044 0.9066666667 0.1)
(0.046 0.9066666667 0.1)
(0.048 0.9066666667 0.1)
(0.05 0.9066666667 0.1)
(0 0.9333333333 0.1)
(0.002 0.9333333333 0.1)
(0.004 0.9333333333 0.1)
(0.006 0.9333333333 0.1)
(0.008 0.9333333333 0.1)
(0.01 0.9333333333 0.1)
(0.012 0.9333333333 0.1)
(0.014 0.9333333333 0.1)
(0.016 0.9333333333 0.1)
(0.018 0.9333333333 0.1)
(0.02 0.9333333333 0.1)
(0.022 0.9333333333 0.1)
(0.024 0.9333333333 0.1)
(0.026 0.9333333333 0.1)
(0.028 0.9333333333 0.1)
(0.03 0.9333333333 0.1)
(0.032 0.9333333333 0.1)
(0.034 0.9333333333 0.1)
(0.036 0.9333333333 0.1)
(0.038 0.9333333333 0.1)
(0.04 0.9333333333 0.1)
(0.042 0.9333333333 0.1)
(0.044 0.9333333333 0.1)
(0.046 0.9333333333 0.1)
(0.048 0.9333333333 0.1)
(0.05 0.9333333333 0.1)
(0 0.96 0.1)
(0.002 0.96 0.1)
(0.004 0.96 0.1)
(0.006 0.96 0.1)
(0.008 0.96 0.1)
(0.01 0.96 0.1)
(0.012 0.96 0.1)
(0.014 0.96 0.1)
(0.016 0.96 0.1)
(0.018 0.96 0.1)
(0.02 0.96 0.1)
(0.022 0.96 0.1)
(0.024 0.96 0.1)
(0.026 0.96 0.1)
(0.028 0.96 0.1)
(0.03 0.96 0.1)
(0.032 0.96 0.1)
(0.034 0.96 0.1)
(0.036 0.96 0.1)
(0.038 0.96 0.1)
(0.04 0.96 0.1)
(0.042 0.96 0.1)
(0.044 0.96 0.1)
(0.046 0.96 0.1)
(0.048 0.96 0.1)
(0.05 0.96 0.1)
(0 0.9866666667 0.1)
(0.002 0.9866666667 0.1)
(0.004 0.9866666667 0.1)
(0.006 0.9866666667 0.1)
(0.008 0.9866666667 0.1)
(0.01 0.9866666667 0.1)
(0.012 0.9866666667 0.1)
(0.014 0.9866666667 0.1)
(0.016 0.9866666667 0.1)
(0.018 0.9866666667 0.1)
(0.02 0.9866666667 0.1)
(0.022 0.9866666667 0.1)
(0.024 0.9866666667 0.1)
(0.026 0.9866666667 0.1)
(0.028 0.9866666667 0.1)
(0.03 0.9866666667 0.1)
(0.032 0.9866666667 0.1)
(0.034 0.9866666667 0.1)
(0.036 0.9866666667 0.1)
(0.038 0.9866666667 0.1)
(0.04 0.9866666667 0.1)
(0.042 0.9866666667 0.1)
(0.044 0.9866666667 0.1)
(0.046 0.9866666667 0.1)
(0.048 0.9866666667 0.1)
(0.05 0.9866666667 0.1)
(0 1.013333333 0.1)
(0.002 1.013333333 0.1)
(0.004 1.013333333 0.1)
(0.006 1.013333333 0.1)
(0.008 1.013333333 0.1)
(0.01 1.013333333 0.1)
(0.012 1.013333333 0.1)
(0.014 1.013333333 0.1)
(0.016 1.013333333 0.1)
(0.018 1.013333333 0.1)
(0.02 1.013333333 0.1)
(0.022 1.013333333 0.1)
(0.024 1.013333333 0.1)
(0.026 1.013333333 0.1)
(0.028 1.013333333 0.1)
(0.03 1.013333333 0.1)
(0.032 1.013333333 0.1)
(0.034 1.013333333 0.1)
(0.036 1.013333333 0.1)
(0.038 1.013333333 0.1)
(0.04 1.013333333 0.1)
(0.042 1.013333333 0.1)
(0.044 1.013333333 0.1)
(0.046 1.013333333 0.1)
(0.048 1.013333333 0.1)
(0.05 1.013333333 0.1)
(0 1.04 0.1)
(0.002 1.04 0.1)
(0.004 1.04 0.1)
(0.006 1.04 0.1)
(0.008 1.04 0.1)
(0.01 1.04 0.1)
(0.012 1.04 0.1)
(0.014 1.04 0.1)
(0.016 1.04 0.1)
(0.018 1.04 0.1)
(0.02 1.04 0.1)
(0.022 1.04 0.1)
(0.024 1.04 0.1)
(0.026 1.04 0.1)
(0.028 1.04 0.1)
(0.03 1.04 0.1)
(0.032 1.04 0.1)
(0.034 1.04 0.1)
(0.036 1.04 0.1)
(0.038 1.04 0.1)
(0.04 1.04 0.1)
(0.042 1.04 0.1)
(0.044 1.04 0.1)
(0.046 1.04 0.1)
(0.048 1.04 0.1)
(0.05 1.04 0.1)
(0 1.066666667 0.1)
(0.002 1.066666667 0.1)
(0.004 1.066666667 0.1)
(0.006 1.066666667 0.1)
(0.008 1.066666667 0.1)
(0.01 1.066666667 0.1)
(0.012 1.066666667 0.1)
(0.014 1.066666667 0.1)
(0.016 1.066666667 0.1)
(0.018 1.066666667 0.1)
(0.02 1.066666667 0.1)
(0.022 1.066666667 0.1)
(0.024 1.066666667 0.1)
(0.026 1.066666667 0.1)
(0.028 1.066666667 0.1)
(0.03 1.066666667 0.1)
(0.032 1.066666667 0.1)
(0.034 1.066666667 0.1)
(0.036 1.066666667 0.1)
(0.038 1.066666667 0.1)
(0.04 1.066666667 0.1)
(0.042 1.066666667 0.1)
(0.044 1.066666667 0.1)
(0.046 1.066666667 0.1)
(0.048 1.066666667 0.1)
(0.05 1.066666667 0.1)
(0 1.093333333 0.1)
(0.002 1.093333333 0.1)
(0.004 1.093333333 0.1)
(0.006 1.093333333 0.1)
(0.008 1.093333333 0.1)
(0.01 1.093333333 0.1)
(0.012 1.093333333 0.1)
(0.014 1.093333333 0.1)
(0.016 1.093333333 0.1)
(0.018 1.093333333 0.1)
(0.02 1.093333333 0.1)
(0.022 1.093333333 0.1)
(0.024 1.093333333 0.1)
(0.026 1.093333333 0.1)
(0.028 1.093333333 0.1)
(0.03 1.093333333 0.1)
(0.032 1.093333333 0.1)
(0.034 1.093333333 0.1)
(0.036 1.093333333 0.1)
(0.038 1.093333333 0.1)
(0.04 1.093333333 0.1)
(0.042 1.093333333 0.1)
(0.044 1.093333333 0.1)
(0.046 1.093333333 0.1)
(0.048 1.093333333 0.1)
(0.05 1.093333333 0.1)
(0 1.12 0.1)
(0.002 1.12 0.1)
(0.004 1.12 0.1)
(0.006 1.12 0.1)
(0.008 1.12 0.1)
(0.01 1.12 0.1)
(0.012 1.12 0.1)
(0.014 1.12 0.1)
(0.016 1.12 0.1)
(0.018 1.12 0.1)
(0.02 1.12 0.1)
(0.022 1.12 0.1)
(0.024 1.12 0.1)
(0.026 1.12 0.1)
(0.028 1.12 0.1)
(0.03 1.12 0.1)
(0.032 1.12 0.1)
(0.034 1.12 0.1)
(0.036 1.12 0.1)
(0.038 1.12 0.1)
(0.04 1.12 0.1)
(0.042 1.12 0.1)
(0.044 1.12 0.1)
(0.046 1.12 0.1)
(0.048 1.12 0.1)
(0.05 1.12 0.1)
(0 1.146666667 0.1)
(0.002 1.146666667 0.1)
(0.004 1.146666667 0.1)
(0.006 1.146666667 0.1)
(0.008 1.146666667 0.1)
(0.01 1.146666667 0.1)
(0.012 1.146666667 0.1)
(0.014 1.146666667 0.1)
(0.016 1.146666667 0.1)
(0.018 1.146666667 0.1)
(0.02 1.146666667 0.1)
(0.022 1.146666667 0.1)
(0.024 1.146666667 0.1)
(0.026 1.146666667 0.1)
(0.028 1.146666667 0.1)
(0.03 1.146666667 0.1)
(0.032 1.146666667 0.1)
(0.034 1.146666667 0.1)
(0.036 1.146666667 0.1)
(0.038 1.146666667 0.1)
(0.04 1.146666667 0.1)
(0.042 1.146666667 0.1)
(0.044 1.146666667 0.1)
(0.046 1.146666667 0.1)
(0.048 1.146666667 0.1)
(0.05 1.146666667 0.1)
(0 1.173333333 0.1)
(0.002 1.173333333 0.1)
(0.004 1.173333333 0.1)
(0.006 1.173333333 0.1)
(0.008 1.173333333 0.1)
(0.01 1.173333333 0.1)
(0.012 1.173333333 0.1)
(0.014 1.173333333 0.1)
(0.016 1.173333333 0.1)
(0.018 1.173333333 0.1)
(0.02 1.173333333 0.1)
(0.022 1.173333333 0.1)
(0.024 1.173333333 0.1)
(0.026 1.173333333 0.1)
(0.028 1.173333333 0.1)
(0.03 1.173333333 0.1)
(0.032 1.173333333 0.1)
(0.034 1.173333333 0.1)
(0.036 1.173333333 0.1)
(0.038 1.173333333 0.1)
(0.04 1.173333333 0.1)
(0.042 1.173333333 0.1)
(0.044 1.173333333 0.1)
(0.046 1.173333333 0.1)
(0.048 1.173333333 0.1)
(0.05 1.173333333 0.1)
(0 1.2 0.1)
(0.002 1.2 0.1)
(0.004 1.2 0.1)
(0.006 1.2 0.1)
(0.008 1.2 0.1)
(0.01 1.2 0.1)
(0.012 1.2 0.1)
(0.014 1.2 0.1)
(0.016 1.2 0.1)
(0.018 1.2 0.1)
(0.02 1.2 0.1)
(0.022 1.2 0.1)
(0.024 1.2 0.1)
(0.026 1.2 0.1)
(0.028 1.2 0.1)
(0.03 1.2 0.1)
(0.032 1.2 0.1)
(0.034 1.2 0.1)
(0.036 1.2 0.1)
(0.038 1.2 0.1)
(0.04 1.2 0.1)
(0.042 1.2 0.1)
(0.044 1.2 0.1)
(0.046 1.2 0.1)
(0.048 1.2 0.1)
(0.05 1.2 0.1)
(0 1.226666667 0.1)
(0.002 1.226666667 0.1)
(0.004 1.226666667 0.1)
(0.006 1.226666667 0.1)
(0.008 1.226666667 0.1)
(0.01 1.226666667 0.1)
(0.012 1.226666667 0.1)
(0.014 1.226666667 0.1)
(0.016 1.226666667 0.1)
(0.018 1.226666667 0.1)
(0.02 1.226666667 0.1)
(0.022 1.226666667 0.1)
(0.024 1.226666667 0.1)
(0.026 1.226666667 0.1)
(0.028 1.226666667 0.1)
(0.03 1.226666667 0.1)
(0.032 1.226666667 0.1)
(0.034 1.226666667 0.1)
(0.036 1.226666667 0.1)
(0.038 1.226666667 0.1)
(0.04 1.226666667 0.1)
(0.042 1.226666667 0.1)
(0.044 1.226666667 0.1)
(0.046 1.226666667 0.1)
(0.048 1.226666667 0.1)
(0.05 1.226666667 0.1)
(0 1.253333333 0.1)
(0.002 1.253333333 0.1)
(0.004 1.253333333 0.1)
(0.006 1.253333333 0.1)
(0.008 1.253333333 0.1)
(0.01 1.253333333 0.1)
(0.012 1.253333333 0.1)
(0.014 1.253333333 0.1)
(0.016 1.253333333 0.1)
(0.018 1.253333333 0.1)
(0.02 1.253333333 0.1)
(0.022 1.253333333 0.1)
(0.024 1.253333333 0.1)
(0.026 1.253333333 0.1)
(0.028 1.253333333 0.1)
(0.03 1.253333333 0.1)
(0.032 1.253333333 0.1)
(0.034 1.253333333 0.1)
(0.036 1.253333333 0.1)
(0.038 1.253333333 0.1)
(0.04 1.253333333 0.1)
(0.042 1.253333333 0.1)
(0.044 1.253333333 0.1)
(0.046 1.253333333 0.1)
(0.048 1.253333333 0.1)
(0.05 1.253333333 0.1)
(0 1.28 0.1)
(0.002 1.28 0.1)
(0.004 1.28 0.1)
(0.006 1.28 0.1)
(0.008 1.28 0.1)
(0.01 1.28 0.1)
(0.012 1.28 0.1)
(0.014 1.28 0.1)
(0.016 1.28 0.1)
(0.018 1.28 0.1)
(0.02 1.28 0.1)
(0.022 1.28 0.1)
(0.024 1.28 0.1)
(0.026 1.28 0.1)
(0.028 1.28 0.1)
(0.03 1.28 0.1)
(0.032 1.28 0.1)
(0.034 1.28 0.1)
(0.036 1.28 0.1)
(0.038 1.28 0.1)
(0.04 1.28 0.1)
(0.042 1.28 0.1)
(0.044 1.28 0.1)
(0.046 1.28 0.1)
(0.048 1.28 0.1)
(0.05 1.28 0.1)
(0 1.306666667 0.1)
(0.002 1.306666667 0.1)
(0.004 1.306666667 0.1)
(0.006 1.306666667 0.1)
(0.008 1.306666667 0.1)
(0.01 1.306666667 0.1)
(0.012 1.306666667 0.1)
(0.014 1.306666667 0.1)
(0.016 1.306666667 0.1)
(0.018 1.306666667 0.1)
(0.02 1.306666667 0.1)
(0.022 1.306666667 0.1)
(0.024 1.306666667 0.1)
(0.026 1.306666667 0.1)
(0.028 1.306666667 0.1)
(0.03 1.306666667 0.1)
(0.032 1.306666667 0.1)
(0.034 1.306666667 0.1)
(0.036 1.306666667 0.1)
(0.038 1.306666667 0.1)
(0.04 1.306666667 0.1)
(0.042 1.306666667 0.1)
(0.044 1.306666667 0.1)
(0.046 1.306666667 0.1)
(0.048 1.306666667 0.1)
(0.05 1.306666667 0.1)
(0 1.333333333 0.1)
(0.002 1.333333333 0.1)
(0.004 1.333333333 0.1)
(0.006 1.333333333 0.1)
(0.008 1.333333333 0.1)
(0.01 1.333333333 0.1)
(0.012 1.333333333 0.1)
(0.014 1.333333333 0.1)
(0.016 1.333333333 0.1)
(0.018 1.333333333 0.1)
(0.02 1.333333333 0.1)
(0.022 1.333333333 0.1)
(0.024 1.333333333 0.1)
(0.026 1.333333333 0.1)
(0.028 1.333333333 0.1)
(0.03 1.333333333 0.1)
(0.032 1.333333333 0.1)
(0.034 1.333333333 0.1)
(0.036 1.333333333 0.1)
(0.038 1.333333333 0.1)
(0.04 1.333333333 0.1)
(0.042 1.333333333 0.1)
(0.044 1.333333333 0.1)
(0.046 1.333333333 0.1)
(0.048 1.333333333 0.1)
(0.05 1.333333333 0.1)
(0 1.36 0.1)
(0.002 1.36 0.1)
(0.004 1.36 0.1)
(0.006 1.36 0.1)
(0.008 1.36 0.1)
(0.01 1.36 0.1)
(0.012 1.36 0.1)
(0.014 1.36 0.1)
(0.016 1.36 0.1)
(0.018 1.36 0.1)
(0.02 1.36 0.1)
(0.022 1.36 0.1)
(0.024 1.36 0.1)
(0.026 1.36 0.1)
(0.028 1.36 0.1)
(0.03 1.36 0.1)
(0.032 1.36 0.1)
(0.034 1.36 0.1)
(0.036 1.36 0.1)
(0.038 1.36 0.1)
(0.04 1.36 0.1)
(0.042 1.36 0.1)
(0.044 1.36 0.1)
(0.046 1.36 0.1)
(0.048 1.36 0.1)
(0.05 1.36 0.1)
(0 1.386666667 0.1)
(0.002 1.386666667 0.1)
(0.004 1.386666667 0.1)
(0.006 1.386666667 0.1)
(0.008 1.386666667 0.1)
(0.01 1.386666667 0.1)
(0.012 1.386666667 0.1)
(0.014 1.386666667 0.1)
(0.016 1.386666667 0.1)
(0.018 1.386666667 0.1)
(0.02 1.386666667 0.1)
(0.022 1.386666667 0.1)
(0.024 1.386666667 0.1)
(0.026 1.386666667 0.1)
(0.028 1.386666667 0.1)
(0.03 1.386666667 0.1)
(0.032 1.386666667 0.1)
(0.034 1.386666667 0.1)
(0.036 1.386666667 0.1)
(0.038 1.386666667 0.1)
(0.04 1.386666667 0.1)
(0.042 1.386666667 0.1)
(0.044 1.386666667 0.1)
(0.046 1.386666667 0.1)
(0.048 1.386666667 0.1)
(0.05 1.386666667 0.1)
(0 1.413333333 0.1)
(0.002 1.413333333 0.1)
(0.004 1.413333333 0.1)
(0.006 1.413333333 0.1)
(0.008 1.413333333 0.1)
(0.01 1.413333333 0.1)
(0.012 1.413333333 0.1)
(0.014 1.413333333 0.1)
(0.016 1.413333333 0.1)
(0.018 1.413333333 0.1)
(0.02 1.413333333 0.1)
(0.022 1.413333333 0.1)
(0.024 1.413333333 0.1)
(0.026 1.413333333 0.1)
(0.028 1.413333333 0.1)
(0.03 1.413333333 0.1)
(0.032 1.413333333 0.1)
(0.034 1.413333333 0.1)
(0.036 1.413333333 0.1)
(0.038 1.413333333 0.1)
(0.04 1.413333333 0.1)
(0.042 1.413333333 0.1)
(0.044 1.413333333 0.1)
(0.046 1.413333333 0.1)
(0.048 1.413333333 0.1)
(0.05 1.413333333 0.1)
(0 1.44 0.1)
(0.002 1.44 0.1)
(0.004 1.44 0.1)
(0.006 1.44 0.1)
(0.008 1.44 0.1)
(0.01 1.44 0.1)
(0.012 1.44 0.1)
(0.014 1.44 0.1)
(0.016 1.44 0.1)
(0.018 1.44 0.1)
(0.02 1.44 0.1)
(0.022 1.44 0.1)
(0.024 1.44 0.1)
(0.026 1.44 0.1)
(0.028 1.44 0.1)
(0.03 1.44 0.1)
(0.032 1.44 0.1)
(0.034 1.44 0.1)
(0.036 1.44 0.1)
(0.038 1.44 0.1)
(0.04 1.44 0.1)
(0.042 1.44 0.1)
(0.044 1.44 0.1)
(0.046 1.44 0.1)
(0.048 1.44 0.1)
(0.05 1.44 0.1)
(0 1.466666667 0.1)
(0.002 1.466666667 0.1)
(0.004 1.466666667 0.1)
(0.006 1.466666667 0.1)
(0.008 1.466666667 0.1)
(0.01 1.466666667 0.1)
(0.012 1.466666667 0.1)
(0.014 1.466666667 0.1)
(0.016 1.466666667 0.1)
(0.018 1.466666667 0.1)
(0.02 1.466666667 0.1)
(0.022 1.466666667 0.1)
(0.024 1.466666667 0.1)
(0.026 1.466666667 0.1)
(0.028 1.466666667 0.1)
(0.03 1.466666667 0.1)
(0.032 1.466666667 0.1)
(0.034 1.466666667 0.1)
(0.036 1.466666667 0.1)
(0.038 1.466666667 0.1)
(0.04 1.466666667 0.1)
(0.042 1.466666667 0.1)
(0.044 1.466666667 0.1)
(0.046 1.466666667 0.1)
(0.048 1.466666667 0.1)
(0.05 1.466666667 0.1)
(0 1.493333333 0.1)
(0.002 1.493333333 0.1)
(0.004 1.493333333 0.1)
(0.006 1.493333333 0.1)
(0.008 1.493333333 0.1)
(0.01 1.493333333 0.1)
(0.012 1.493333333 0.1)
(0.014 1.493333333 0.1)
(0.016 1.493333333 0.1)
(0.018 1.493333333 0.1)
(0.02 1.493333333 0.1)
(0.022 1.493333333 0.1)
(0.024 1.493333333 0.1)
(0.026 1.493333333 0.1)
(0.028 1.493333333 0.1)
(0.03 1.493333333 0.1)
(0.032 1.493333333 0.1)
(0.034 1.493333333 0.1)
(0.036 1.493333333 0.1)
(0.038 1.493333333 0.1)
(0.04 1.493333333 0.1)
(0.042 1.493333333 0.1)
(0.044 1.493333333 0.1)
(0.046 1.493333333 0.1)
(0.048 1.493333333 0.1)
(0.05 1.493333333 0.1)
(0 1.52 0.1)
(0.002 1.52 0.1)
(0.004 1.52 0.1)
(0.006 1.52 0.1)
(0.008 1.52 0.1)
(0.01 1.52 0.1)
(0.012 1.52 0.1)
(0.014 1.52 0.1)
(0.016 1.52 0.1)
(0.018 1.52 0.1)
(0.02 1.52 0.1)
(0.022 1.52 0.1)
(0.024 1.52 0.1)
(0.026 1.52 0.1)
(0.028 1.52 0.1)
(0.03 1.52 0.1)
(0.032 1.52 0.1)
(0.034 1.52 0.1)
(0.036 1.52 0.1)
(0.038 1.52 0.1)
(0.04 1.52 0.1)
(0.042 1.52 0.1)
(0.044 1.52 0.1)
(0.046 1.52 0.1)
(0.048 1.52 0.1)
(0.05 1.52 0.1)
(0 1.546666667 0.1)
(0.002 1.546666667 0.1)
(0.004 1.546666667 0.1)
(0.006 1.546666667 0.1)
(0.008 1.546666667 0.1)
(0.01 1.546666667 0.1)
(0.012 1.546666667 0.1)
(0.014 1.546666667 0.1)
(0.016 1.546666667 0.1)
(0.018 1.546666667 0.1)
(0.02 1.546666667 0.1)
(0.022 1.546666667 0.1)
(0.024 1.546666667 0.1)
(0.026 1.546666667 0.1)
(0.028 1.546666667 0.1)
(0.03 1.546666667 0.1)
(0.032 1.546666667 0.1)
(0.034 1.546666667 0.1)
(0.036 1.546666667 0.1)
(0.038 1.546666667 0.1)
(0.04 1.546666667 0.1)
(0.042 1.546666667 0.1)
(0.044 1.546666667 0.1)
(0.046 1.546666667 0.1)
(0.048 1.546666667 0.1)
(0.05 1.546666667 0.1)
(0 1.573333333 0.1)
(0.002 1.573333333 0.1)
(0.004 1.573333333 0.1)
(0.006 1.573333333 0.1)
(0.008 1.573333333 0.1)
(0.01 1.573333333 0.1)
(0.012 1.573333333 0.1)
(0.014 1.573333333 0.1)
(0.016 1.573333333 0.1)
(0.018 1.573333333 0.1)
(0.02 1.573333333 0.1)
(0.022 1.573333333 0.1)
(0.024 1.573333333 0.1)
(0.026 1.573333333 0.1)
(0.028 1.573333333 0.1)
(0.03 1.573333333 0.1)
(0.032 1.573333333 0.1)
(0.034 1.573333333 0.1)
(0.036 1.573333333 0.1)
(0.038 1.573333333 0.1)
(0.04 1.573333333 0.1)
(0.042 1.573333333 0.1)
(0.044 1.573333333 0.1)
(0.046 1.573333333 0.1)
(0.048 1.573333333 0.1)
(0.05 1.573333333 0.1)
(0 1.6 0.1)
(0.002 1.6 0.1)
(0.004 1.6 0.1)
(0.006 1.6 0.1)
(0.008 1.6 0.1)
(0.01 1.6 0.1)
(0.012 1.6 0.1)
(0.014 1.6 0.1)
(0.016 1.6 0.1)
(0.018 1.6 0.1)
(0.02 1.6 0.1)
(0.022 1.6 0.1)
(0.024 1.6 0.1)
(0.026 1.6 0.1)
(0.028 1.6 0.1)
(0.03 1.6 0.1)
(0.032 1.6 0.1)
(0.034 1.6 0.1)
(0.036 1.6 0.1)
(0.038 1.6 0.1)
(0.04 1.6 0.1)
(0.042 1.6 0.1)
(0.044 1.6 0.1)
(0.046 1.6 0.1)
(0.048 1.6 0.1)
(0.05 1.6 0.1)
(0 1.626666667 0.1)
(0.002 1.626666667 0.1)
(0.004 1.626666667 0.1)
(0.006 1.626666667 0.1)
(0.008 1.626666667 0.1)
(0.01 1.626666667 0.1)
(0.012 1.626666667 0.1)
(0.014 1.626666667 0.1)
(0.016 1.626666667 0.1)
(0.018 1.626666667 0.1)
(0.02 1.626666667 0.1)
(0.022 1.626666667 0.1)
(0.024 1.626666667 0.1)
(0.026 1.626666667 0.1)
(0.028 1.626666667 0.1)
(0.03 1.626666667 0.1)
(0.032 1.626666667 0.1)
(0.034 1.626666667 0.1)
(0.036 1.626666667 0.1)
(0.038 1.626666667 0.1)
(0.04 1.626666667 0.1)
(0.042 1.626666667 0.1)
(0.044 1.626666667 0.1)
(0.046 1.626666667 0.1)
(0.048 1.626666667 0.1)
(0.05 1.626666667 0.1)
(0 1.653333333 0.1)
(0.002 1.653333333 0.1)
(0.004 1.653333333 0.1)
(0.006 1.653333333 0.1)
(0.008 1.653333333 0.1)
(0.01 1.653333333 0.1)
(0.012 1.653333333 0.1)
(0.014 1.653333333 0.1)
(0.016 1.653333333 0.1)
(0.018 1.653333333 0.1)
(0.02 1.653333333 0.1)
(0.022 1.653333333 0.1)
(0.024 1.653333333 0.1)
(0.026 1.653333333 0.1)
(0.028 1.653333333 0.1)
(0.03 1.653333333 0.1)
(0.032 1.653333333 0.1)
(0.034 1.653333333 0.1)
(0.036 1.653333333 0.1)
(0.038 1.653333333 0.1)
(0.04 1.653333333 0.1)
(0.042 1.653333333 0.1)
(0.044 1.653333333 0.1)
(0.046 1.653333333 0.1)
(0.048 1.653333333 0.1)
(0.05 1.653333333 0.1)
(0 1.68 0.1)
(0.002 1.68 0.1)
(0.004 1.68 0.1)
(0.006 1.68 0.1)
(0.008 1.68 0.1)
(0.01 1.68 0.1)
(0.012 1.68 0.1)
(0.014 1.68 0.1)
(0.016 1.68 0.1)
(0.018 1.68 0.1)
(0.02 1.68 0.1)
(0.022 1.68 0.1)
(0.024 1.68 0.1)
(0.026 1.68 0.1)
(0.028 1.68 0.1)
(0.03 1.68 0.1)
(0.032 1.68 0.1)
(0.034 1.68 0.1)
(0.036 1.68 0.1)
(0.038 1.68 0.1)
(0.04 1.68 0.1)
(0.042 1.68 0.1)
(0.044 1.68 0.1)
(0.046 1.68 0.1)
(0.048 1.68 0.1)
(0.05 1.68 0.1)
(0 1.706666667 0.1)
(0.002 1.706666667 0.1)
(0.004 1.706666667 0.1)
(0.006 1.706666667 0.1)
(0.008 1.706666667 0.1)
(0.01 1.706666667 0.1)
(0.012 1.706666667 0.1)
(0.014 1.706666667 0.1)
(0.016 1.706666667 0.1)
(0.018 1.706666667 0.1)
(0.02 1.706666667 0.1)
(0.022 1.706666667 0.1)
(0.024 1.706666667 0.1)
(0.026 1.706666667 0.1)
(0.028 1.706666667 0.1)
(0.03 1.706666667 0.1)
(0.032 1.706666667 0.1)
(0.034 1.706666667 0.1)
(0.036 1.706666667 0.1)
(0.038 1.706666667 0.1)
(0.04 1.706666667 0.1)
(0.042 1.706666667 0.1)
(0.044 1.706666667 0.1)
(0.046 1.706666667 0.1)
(0.048 1.706666667 0.1)
(0.05 1.706666667 0.1)
(0 1.733333333 0.1)
(0.002 1.733333333 0.1)
(0.004 1.733333333 0.1)
(0.006 1.733333333 0.1)
(0.008 1.733333333 0.1)
(0.01 1.733333333 0.1)
(0.012 1.733333333 0.1)
(0.014 1.733333333 0.1)
(0.016 1.733333333 0.1)
(0.018 1.733333333 0.1)
(0.02 1.733333333 0.1)
(0.022 1.733333333 0.1)
(0.024 1.733333333 0.1)
(0.026 1.733333333 0.1)
(0.028 1.733333333 0.1)
(0.03 1.733333333 0.1)
(0.032 1.733333333 0.1)
(0.034 1.733333333 0.1)
(0.036 1.733333333 0.1)
(0.038 1.733333333 0.1)
(0.04 1.733333333 0.1)
(0.042 1.733333333 0.1)
(0.044 1.733333333 0.1)
(0.046 1.733333333 0.1)
(0.048 1.733333333 0.1)
(0.05 1.733333333 0.1)
(0 1.76 0.1)
(0.002 1.76 0.1)
(0.004 1.76 0.1)
(0.006 1.76 0.1)
(0.008 1.76 0.1)
(0.01 1.76 0.1)
(0.012 1.76 0.1)
(0.014 1.76 0.1)
(0.016 1.76 0.1)
(0.018 1.76 0.1)
(0.02 1.76 0.1)
(0.022 1.76 0.1)
(0.024 1.76 0.1)
(0.026 1.76 0.1)
(0.028 1.76 0.1)
(0.03 1.76 0.1)
(0.032 1.76 0.1)
(0.034 1.76 0.1)
(0.036 1.76 0.1)
(0.038 1.76 0.1)
(0.04 1.76 0.1)
(0.042 1.76 0.1)
(0.044 1.76 0.1)
(0.046 1.76 0.1)
(0.048 1.76 0.1)
(0.05 1.76 0.1)
(0 1.786666667 0.1)
(0.002 1.786666667 0.1)
(0.004 1.786666667 0.1)
(0.006 1.786666667 0.1)
(0.008 1.786666667 0.1)
(0.01 1.786666667 0.1)
(0.012 1.786666667 0.1)
(0.014 1.786666667 0.1)
(0.016 1.786666667 0.1)
(0.018 1.786666667 0.1)
(0.02 1.786666667 0.1)
(0.022 1.786666667 0.1)
(0.024 1.786666667 0.1)
(0.026 1.786666667 0.1)
(0.028 1.786666667 0.1)
(0.03 1.786666667 0.1)
(0.032 1.786666667 0.1)
(0.034 1.786666667 0.1)
(0.036 1.786666667 0.1)
(0.038 1.786666667 0.1)
(0.04 1.786666667 0.1)
(0.042 1.786666667 0.1)
(0.044 1.786666667 0.1)
(0.046 1.786666667 0.1)
(0.048 1.786666667 0.1)
(0.05 1.786666667 0.1)
(0 1.813333333 0.1)
(0.002 1.813333333 0.1)
(0.004 1.813333333 0.1)
(0.006 1.813333333 0.1)
(0.008 1.813333333 0.1)
(0.01 1.813333333 0.1)
(0.012 1.813333333 0.1)
(0.014 1.813333333 0.1)
(0.016 1.813333333 0.1)
(0.018 1.813333333 0.1)
(0.02 1.813333333 0.1)
(0.022 1.813333333 0.1)
(0.024 1.813333333 0.1)
(0.026 1.813333333 0.1)
(0.028 1.813333333 0.1)
(0.03 1.813333333 0.1)
(0.032 1.813333333 0.1)
(0.034 1.813333333 0.1)
(0.036 1.813333333 0.1)
(0.038 1.813333333 0.1)
(0.04 1.813333333 0.1)
(0.042 1.813333333 0.1)
(0.044 1.813333333 0.1)
(0.046 1.813333333 0.1)
(0.048 1.813333333 0.1)
(0.05 1.813333333 0.1)
(0 1.84 0.1)
(0.002 1.84 0.1)
(0.004 1.84 0.1)
(0.006 1.84 0.1)
(0.008 1.84 0.1)
(0.01 1.84 0.1)
(0.012 1.84 0.1)
(0.014 1.84 0.1)
(0.016 1.84 0.1)
(0.018 1.84 0.1)
(0.02 1.84 0.1)
(0.022 1.84 0.1)
(0.024 1.84 0.1)
(0.026 1.84 0.1)
(0.028 1.84 0.1)
(0.03 1.84 0.1)
(0.032 1.84 0.1)
(0.034 1.84 0.1)
(0.036 1.84 0.1)
(0.038 1.84 0.1)
(0.04 1.84 0.1)
(0.042 1.84 0.1)
(0.044 1.84 0.1)
(0.046 1.84 0.1)
(0.048 1.84 0.1)
(0.05 1.84 0.1)
(0 1.866666667 0.1)
(0.002 1.866666667 0.1)
(0.004 1.866666667 0.1)
(0.006 1.866666667 0.1)
(0.008 1.866666667 0.1)
(0.01 1.866666667 0.1)
(0.012 1.866666667 0.1)
(0.014 1.866666667 0.1)
(0.016 1.866666667 0.1)
(0.018 1.866666667 0.1)
(0.02 1.866666667 0.1)
(0.022 1.866666667 0.1)
(0.024 1.866666667 0.1)
(0.026 1.866666667 0.1)
(0.028 1.866666667 0.1)
(0.03 1.866666667 0.1)
(0.032 1.866666667 0.1)
(0.034 1.866666667 0.1)
(0.036 1.866666667 0.1)
(0.038 1.866666667 0.1)
(0.04 1.866666667 0.1)
(0.042 1.866666667 0.1)
(0.044 1.866666667 0.1)
(0.046 1.866666667 0.1)
(0.048 1.866666667 0.1)
(0.05 1.866666667 0.1)
(0 1.893333333 0.1)
(0.002 1.893333333 0.1)
(0.004 1.893333333 0.1)
(0.006 1.893333333 0.1)
(0.008 1.893333333 0.1)
(0.01 1.893333333 0.1)
(0.012 1.893333333 0.1)
(0.014 1.893333333 0.1)
(0.016 1.893333333 0.1)
(0.018 1.893333333 0.1)
(0.02 1.893333333 0.1)
(0.022 1.893333333 0.1)
(0.024 1.893333333 0.1)
(0.026 1.893333333 0.1)
(0.028 1.893333333 0.1)
(0.03 1.893333333 0.1)
(0.032 1.893333333 0.1)
(0.034 1.893333333 0.1)
(0.036 1.893333333 0.1)
(0.038 1.893333333 0.1)
(0.04 1.893333333 0.1)
(0.042 1.893333333 0.1)
(0.044 1.893333333 0.1)
(0.046 1.893333333 0.1)
(0.048 1.893333333 0.1)
(0.05 1.893333333 0.1)
(0 1.92 0.1)
(0.002 1.92 0.1)
(0.004 1.92 0.1)
(0.006 1.92 0.1)
(0.008 1.92 0.1)
(0.01 1.92 0.1)
(0.012 1.92 0.1)
(0.014 1.92 0.1)
(0.016 1.92 0.1)
(0.018 1.92 0.1)
(0.02 1.92 0.1)
(0.022 1.92 0.1)
(0.024 1.92 0.1)
(0.026 1.92 0.1)
(0.028 1.92 0.1)
(0.03 1.92 0.1)
(0.032 1.92 0.1)
(0.034 1.92 0.1)
(0.036 1.92 0.1)
(0.038 1.92 0.1)
(0.04 1.92 0.1)
(0.042 1.92 0.1)
(0.044 1.92 0.1)
(0.046 1.92 0.1)
(0.048 1.92 0.1)
(0.05 1.92 0.1)
(0 1.946666667 0.1)
(0.002 1.946666667 0.1)
(0.004 1.946666667 0.1)
(0.006 1.946666667 0.1)
(0.008 1.946666667 0.1)
(0.01 1.946666667 0.1)
(0.012 1.946666667 0.1)
(0.014 1.946666667 0.1)
(0.016 1.946666667 0.1)
(0.018 1.946666667 0.1)
(0.02 1.946666667 0.1)
(0.022 1.946666667 0.1)
(0.024 1.946666667 0.1)
(0.026 1.946666667 0.1)
(0.028 1.946666667 0.1)
(0.03 1.946666667 0.1)
(0.032 1.946666667 0.1)
(0.034 1.946666667 0.1)
(0.036 1.946666667 0.1)
(0.038 1.946666667 0.1)
(0.04 1.946666667 0.1)
(0.042 1.946666667 0.1)
(0.044 1.946666667 0.1)
(0.046 1.946666667 0.1)
(0.048 1.946666667 0.1)
(0.05 1.946666667 0.1)
(0 1.973333333 0.1)
(0.002 1.973333333 0.1)
(0.004 1.973333333 0.1)
(0.006 1.973333333 0.1)
(0.008 1.973333333 0.1)
(0.01 1.973333333 0.1)
(0.012 1.973333333 0.1)
(0.014 1.973333333 0.1)
(0.016 1.973333333 0.1)
(0.018 1.973333333 0.1)
(0.02 1.973333333 0.1)
(0.022 1.973333333 0.1)
(0.024 1.973333333 0.1)
(0.026 1.973333333 0.1)
(0.028 1.973333333 0.1)
(0.03 1.973333333 0.1)
(0.032 1.973333333 0.1)
(0.034 1.973333333 0.1)
(0.036 1.973333333 0.1)
(0.038 1.973333333 0.1)
(0.04 1.973333333 0.1)
(0.042 1.973333333 0.1)
(0.044 1.973333333 0.1)
(0.046 1.973333333 0.1)
(0.048 1.973333333 0.1)
(0.05 1.973333333 0.1)
(0 2 0.1)
(0.002 2 0.1)
(0.004 2 0.1)
(0.006 2 0.1)
(0.008 2 0.1)
(0.01 2 0.1)
(0.012 2 0.1)
(0.014 2 0.1)
(0.016 2 0.1)
(0.018 2 0.1)
(0.02 2 0.1)
(0.022 2 0.1)
(0.024 2 0.1)
(0.026 2 0.1)
(0.028 2 0.1)
(0.03 2 0.1)
(0.032 2 0.1)
(0.034 2 0.1)
(0.036 2 0.1)
(0.038 2 0.1)
(0.04 2 0.1)
(0.042 2 0.1)
(0.044 2 0.1)
(0.046 2 0.1)
(0.048 2 0.1)
(0.05 2 0.1)
)


// ************************************************************************* //
